-2.66380e-004 
-3.36711e-003 
-1.42056e-002 
9.31725e-003 
1.44838e-002 
4.83273e-003 
-9.20873e-003 
-2.06495e-003 
5.64984e-003 
-1.35037e-002 
9.60205e-003 
1.68785e-002 
1.08527e-002 
5.48690e-003 
-1.88062e-003 
3.11444e-003 
6.32632e-003 
1.21090e-002 
1.23928e-002 
9.82720e-003 
-2.17709e-002 
-2.03889e-002 
-4.99548e-003 
3.31604e-002 
5.50477e-003 
3.45080e-002 
1.84480e-002 
3.62724e-003 
-1.46092e-002 
-1.43444e-002 
1.23206e-002 
-4.66878e-003 
9.10448e-003 
-1.59041e-002 
1.74204e-002 
-8.74565e-003 
2.85104e-002 
-5.65621e-003 
2.86663e-002 
-6.62432e-003 
5.73611e-003 
1.82852e-003 
-2.72985e-002 
-2.74330e-002 
-1.71634e-002 
-5.60105e-002 
-9.72921e-003 
3.94494e-002 
3.81301e-002 
3.25677e-002 
1.63381e-002 
-2.10611e-002 
-1.28292e-002 
2.09897e-002 
3.04699e-003 
2.41918e-002 
1.52572e-002 
-3.59102e-002 
-1.34332e-002 
-1.06544e-002 
1.40458e-002 
3.40695e-002 
3.86811e-004 
3.49133e-002 
2.32289e-002 
-1.09270e-002 
-2.66285e-002 
2.04400e-002 
-4.63160e-003 
-3.26906e-003 
1.45893e-002 
-1.47633e-002 
-3.92960e-003 
2.77020e-002 
2.85233e-002 
-2.01205e-002 
-5.83487e-002 
-6.46807e-002 
-3.90971e-002 
3.61511e-003 
1.25291e-003 
2.54827e-002 
-1.33652e-002 
2.34344e-002 
5.15861e-002 
3.71071e-004 
-7.39398e-002 
-3.91816e-002 
-1.36952e-002 
-1.67205e-002 
5.37906e-004 
1.96544e-002 
2.08446e-002 
1.75680e-002 
8.53433e-003 
-1.00088e-002 
-4.31656e-002 
3.25847e-002 
2.89380e-002 
4.70366e-002 
-2.31560e-002 
-1.30052e-002 
8.54092e-003 
5.39459e-002 
1.57927e-002 
7.07623e-003 
-4.66678e-003 
1.13776e-002 
-1.68288e-002 
-4.82513e-002 
-1.98119e-003 
-1.03874e-002 
1.13271e-002 
-8.68600e-003 
-6.13158e-004 
-4.67163e-003 
3.68656e-002 
-1.98247e-002 
-4.87730e-002 
-6.36191e-003 
-1.23014e-002 
5.22175e-002 
3.94214e-002 
-1.53421e-004 
-8.65633e-002 
-6.25407e-003 
6.63104e-002 
1.82037e-002 
-4.83150e-002 
1.71110e-002 
9.26547e-003 
-1.62342e-002 
-1.20708e-002 
8.45319e-003 
1.20567e-002 
-2.14020e-002 
2.87999e-002 
-1.40972e-002 
8.97494e-003 
-2.34519e-002 
3.68503e-002 
3.85348e-002 
-2.03071e-002 
-2.61326e-002 
-9.31121e-003 
-4.49541e-002 
-1.08297e-002 
6.07318e-002 
4.24810e-002 
-1.26827e-002 
-7.79403e-002 
-5.79064e-002 
-1.86860e-003 
2.48109e-002 
-3.97441e-003 
-1.78590e-002 
4.77706e-002 
2.06068e-002 
-5.37506e-002 
-3.17168e-002 
1.03920e-002 
-1.54460e-002 
3.58364e-002 
1.34452e-002 
1.91333e-002 
2.89632e-002 
-5.77897e-003 
1.68773e-003 
-2.08909e-002 
-7.46181e-002 
-9.40465e-002 
-7.01553e-002 
-9.07249e-002 
-8.98320e-002 
-5.06040e-002 
-3.64527e-002 
-8.49348e-002 
-1.16939e-001 
-8.56216e-002 
-4.92359e-002 
5.70447e-003 
-1.83151e-002 
-2.62659e-002 
-2.81287e-002 
-4.63571e-002 
1.73810e-002 
5.66910e-002 
2.74858e-002 
-1.49375e-002 
-7.18135e-002 
-4.88512e-002 
-6.41608e-003 
-5.74064e-002 
1.52007e-002 
-4.45719e-002 
-8.30543e-002 
-7.77699e-002 
-1.33950e-001 
-6.79870e-002 
9.60943e-002 
1.91732e-001 
2.48590e-001 
2.80080e-001 
2.41702e-001 
2.22221e-001 
2.94096e-001 
3.03467e-001 
2.01317e-001 
-1.91621e-002 
-2.50858e-001 
-3.51369e-001 
-3.02474e-001 
-1.54229e-001 
4.34156e-002 
1.19610e-001 
4.40264e-002 
-2.25466e-003 
3.00419e-002 
-2.65295e-002 
-2.65916e-002 
3.11707e-002 
1.45950e-001 
1.57169e-001 
9.15182e-002 
9.84306e-002 
-3.17955e-002 
-7.11928e-002 
6.24249e-003 
6.90599e-002 
-1.26357e-002 
-7.80995e-002 
4.36194e-003 
1.51419e-001 
2.21532e-001 
7.02911e-002 
4.60880e-002 
1.10250e-001 
8.72463e-002 
-2.68482e-002 
-1.94780e-001 
-3.46765e-001 
-4.18625e-001 
-1.91176e-001 
1.64132e-001 
3.05223e-001 
1.38008e-001 
5.00045e-002 
1.19128e-002 
4.60111e-002 
1.18832e-001 
2.17304e-001 
8.53628e-002 
-5.62674e-002 
-6.32037e-002 
3.00424e-002 
1.07692e-001 
4.44404e-002 
-2.67303e-002 
-5.21747e-002 
-8.64840e-002 
-1.55126e-001 
-1.44602e-001 
-9.02979e-002 
-1.05936e-001 
-2.84100e-002 
1.07828e-001 
2.21605e-001 
1.36011e-001 
5.17159e-003 
-4.85051e-002 
-9.99049e-002 
-2.08375e-001 
-2.31163e-001 
-1.96150e-001 
-2.51041e-001 
-1.75979e-001 
-6.95110e-002 
-5.62605e-002 
-3.27304e-002 
-5.43913e-002 
7.22333e-002 
1.41312e-001 
1.65698e-001 
1.79807e-001 
1.27996e-001 
1.74804e-001 
2.68271e-001 
9.95032e-002 
-1.13085e-001 
-1.62916e-001 
-1.55223e-001 
-6.42653e-002 
8.95532e-002 
9.94107e-002 
7.04802e-002 
1.93710e-002 
7.44222e-002 
1.47546e-001 
1.68402e-001 
7.56263e-002 
1.42422e-003 
-2.88770e-002 
-3.65100e-002 
-4.15444e-002 
-1.25201e-001 
-2.17848e-001 
-2.49743e-001 
-1.79655e-001 
-8.45317e-002 
-1.98191e-002 
-9.90370e-003 
2.87933e-002 
7.06333e-002 
1.08440e-001 
6.17197e-002 
-3.49520e-002 
-2.32903e-002 
3.48013e-002 
1.93209e-001 
2.26353e-001 
1.42434e-001 
1.79108e-001 
8.93252e-002 
4.79220e-003 
-1.17934e-002 
6.68652e-002 
1.01229e-001 
-5.54085e-003 
-1.01463e-001 
-6.43054e-002 
-1.06945e-001 
-2.98920e-001 
-3.36653e-001 
-1.76397e-001 
-8.32008e-002 
-2.65611e-002 
3.48142e-002 
4.60814e-002 
-7.48163e-002 
-1.00762e-001 
-1.25936e-001 
-1.26507e-001 
-1.55926e-001 
-1.88415e-001 
-1.68303e-001 
-6.01372e-002 
1.14184e-002 
-5.38233e-002 
-5.52524e-002 
-1.18447e-003 
2.04742e-003 
-6.66970e-002 
-2.83760e-002 
6.27948e-002 
1.41652e-001 
1.85954e-001 
1.84667e-001 
1.36437e-001 
1.17882e-004 
-8.68199e-002 
3.06159e-002 
1.32664e-001 
1.36511e-001 
1.60684e-001 
1.83484e-001 
1.33659e-001 
1.58392e-001 
1.78999e-001 
1.41724e-001 
5.43416e-002 
-9.10539e-002 
-1.23920e-001 
-4.53981e-002 
7.11146e-002 
6.28549e-002 
-8.36986e-002 
-2.47933e-001 
-2.90373e-001 
-2.45395e-001 
-8.42230e-002 
1.08962e-001 
8.70271e-002 
-3.13058e-002 
-1.27706e-001 
-8.02159e-002 
-2.11534e-002 
1.67078e-003 
-8.47578e-002 
-1.52848e-001 
-1.10673e-001 
1.89614e-002 
1.60626e-001 
1.89540e-001 
4.05645e-002 
-3.89607e-002 
4.91132e-002 
7.16137e-002 
-2.67830e-002 
-1.03733e-001 
-1.51866e-001 
-1.28848e-001 
-8.42754e-002 
-1.46806e-002 
7.36997e-002 
1.98663e-001 
3.27609e-001 
3.01708e-001 
2.14369e-001 
1.98126e-001 
1.06954e-001 
1.47515e-001 
2.01084e-001 
1.73303e-001 
-8.89432e-002 
-3.88262e-001 
-5.59644e-001 
-4.79253e-001 
-3.10110e-001 
-1.63687e-001 
3.27063e-002 
7.21378e-002 
-4.40217e-002 
-1.65997e-001 
-2.41945e-001 
-2.23203e-001 
-1.46237e-001 
-7.56395e-002 
-1.55165e-001 
-1.96546e-001 
-1.92954e-001 
-1.22577e-001 
-1.60712e-002 
1.39812e-001 
2.62330e-001 
3.16175e-001 
8.94223e-002 
-2.64995e-001 
-2.39695e-001 
-8.29594e-002 
7.98040e-002 
2.06213e-001 
2.84095e-001 
1.04484e-001 
-7.58367e-002 
-1.66783e-001 
-3.42158e-001 
-4.15834e-001 
-3.17739e-001 
2.78908e-002 
3.14473e-001 
5.55756e-001 
7.64871e-001 
3.52933e-001 
-9.32159e-002 
-2.99612e-001 
-1.83412e-001 
1.55070e-002 
2.55365e-001 
4.15005e-001 
6.10106e-001 
6.15391e-001 
5.96373e-001 
6.28848e-001 
5.64877e-001 
-1.05865e-001 
-6.29449e-001 
-3.52055e-001 
3.27623e-001 
6.75029e-001 
7.55977e-001 
5.46166e-001 
4.49805e-001 
1.59706e-001 
2.18230e-002 
1.19545e-001 
1.95888e-001 
1.23503e-001 
-5.53237e-002 
-4.68637e-001 
-6.95066e-001 
-8.17918e-001 
-7.97247e-001 
-6.16020e-001 
-1.40437e-001 
1.91864e-001 
1.01637e-001 
-1.09783e-001 
-8.16263e-002 
-1.84533e-003 
-9.88842e-002 
-1.62374e-001 
-7.58047e-002 
2.08794e-002 
7.19715e-002 
1.77212e-001 
1.47741e-001 
-3.74998e-002 
-2.32578e-001 
-2.52236e-001 
-1.35880e-001 
6.52737e-002 
2.29150e-001 
2.20188e-001 
1.01497e-001 
-8.61800e-002 
-2.60456e-001 
-3.44860e-001 
-3.55546e-001 
-2.94791e-001 
-2.32017e-001 
-2.17382e-001 
-2.35820e-001 
-2.16501e-001 
-1.79975e-001 
-1.23347e-001 
-7.56219e-002 
-4.16336e-002 
7.58631e-004 
5.47228e-002 
1.29510e-001 
2.06320e-001 
1.86916e-001 
9.09073e-002 
-2.41901e-002 
2.51803e-002 
1.05525e-001 
1.92092e-001 
3.21424e-001 
3.95520e-001 
3.92219e-001 
3.82568e-001 
3.41954e-001 
2.39116e-001 
1.71391e-001 
1.66183e-001 
1.00847e-001 
-7.53412e-003 
-7.62426e-002 
-7.96998e-002 
-1.99094e-002 
7.27086e-002 
1.09147e-001 
8.72652e-002 
2.15621e-002 
-8.53184e-002 
-9.81682e-002 
-4.87848e-002 
-1.47376e-001 
-2.93946e-001 
-4.04013e-001 
-4.47033e-001 
-3.75958e-001 
-3.24939e-001 
-2.83345e-001 
-2.06400e-001 
-1.46639e-001 
-7.86765e-002 
-3.34941e-002 
-5.57202e-002 
-6.40137e-002 
-4.39161e-002 
-2.57952e-002 
-3.13623e-002 
2.46540e-002 
1.37506e-002 
-3.74850e-002 
-3.53394e-002 
1.56593e-002 
9.89657e-002 
1.46131e-001 
1.22532e-001 
1.23466e-001 
7.93414e-002 
2.35057e-003 
-5.21160e-002 
-7.93880e-002 
-5.21409e-002 
-3.13022e-002 
-7.73207e-002 
-1.20693e-001 
-9.39636e-002 
-7.99470e-002 
-5.61851e-002 
-2.57993e-002 
-5.95890e-002 
-2.19114e-002 
-2.66819e-002 
-4.34381e-002 
-3.05039e-002 
-3.42940e-002 
-1.80426e-002 
1.69559e-002 
6.35949e-002 
6.24622e-002 
3.80096e-002 
5.70275e-002 
1.04084e-001 
1.48027e-001 
8.51112e-002 
8.48231e-002 
1.62587e-001 
2.27939e-001 
1.85051e-001 
7.11453e-002 
-6.41300e-003 
7.22147e-003 
4.68074e-002 
8.95480e-002 
5.24831e-002 
-2.39958e-002 
-7.31254e-002 
-6.38639e-002 
-5.68208e-002 
-3.34085e-002 
1.18748e-002 
6.69223e-002 
1.11025e-001 
1.27492e-001 
9.74337e-002 
9.80072e-002 
1.40767e-001 
1.90766e-001 
2.26494e-001 
2.33087e-001 
2.02212e-001 
1.70191e-001 
1.42110e-001 
1.00396e-001 
8.35773e-002 
5.73318e-002 
2.86861e-002 
-1.14884e-003 
-1.64941e-002 
-5.32476e-002 
-8.65084e-002 
-1.09960e-001 
-9.33166e-002 
-8.06569e-002 
-7.75995e-002 
-4.97929e-002 
-2.91863e-002 
-2.56267e-002 
-1.26465e-002 
-3.43219e-002 
-7.97448e-002 
-1.23251e-001 
-1.33380e-001 
-1.09129e-001 
-7.31378e-002 
-4.23830e-002 
5.46553e-003 
6.27394e-002 
1.01841e-001 
1.02392e-001 
8.11922e-002 
6.99141e-002 
4.02504e-002 
-3.62348e-002 
-1.06183e-001 
-1.14717e-001 
-7.65107e-002 
-2.88307e-002 
1.55091e-003 
-2.86880e-002 
-1.04035e-001 
-1.68553e-001 
-1.86984e-001 
-1.49896e-001 
-7.19093e-002 
-2.97982e-002 
-6.99262e-002 
-1.32834e-001 
-1.86061e-001 
-2.18969e-001 
-2.34949e-001 
-2.39777e-001 
-2.09277e-001 
-1.85943e-001 
-1.47505e-001 
-3.76189e-002 
7.92459e-002 
1.30448e-001 
1.55885e-001 
1.61988e-001 
1.53600e-001 
1.29530e-001 
5.31260e-002 
-4.11433e-002 
-8.60543e-002 
-5.68801e-002 
-1.83222e-002 
-1.53810e-002 
5.40431e-003 
5.37780e-002 
9.25071e-002 
9.77994e-002 
9.89127e-002 
8.26751e-002 
8.13997e-002 
5.89162e-002 
2.94538e-002 
3.61643e-002 
6.12211e-002 
3.77503e-002 
-1.98058e-002 
-6.23456e-002 
-3.51630e-002 
1.77078e-002 
3.81389e-002 
6.39791e-002 
7.25439e-002 
5.92350e-002 
2.47190e-002 
-1.61442e-002 
-4.88160e-002 
-6.95261e-002 
-4.00163e-002 
-8.59531e-003 
2.25725e-002 
-1.24609e-003 
-2.67013e-002 
-1.10267e-002 
-2.42611e-002 
-3.33703e-002 
-2.94239e-003 
2.15981e-002 
-1.27092e-002 
-5.09588e-002 
-8.15764e-002 
-4.18932e-002 
4.52041e-002 
1.23798e-001 
1.80645e-001 
1.97475e-001 
1.89495e-001 
1.77076e-001 
1.38360e-001 
6.94720e-002 
1.38119e-002 
-1.53878e-002 
5.60698e-003 
3.16630e-002 
5.75142e-002 
4.95311e-002 
3.59675e-002 
7.74862e-003 
1.88675e-002 
1.59550e-003 
3.29044e-003 
1.83351e-002 
5.15131e-003 
-9.37290e-003 
1.16180e-002 
9.97488e-003 
-2.59909e-002 
-5.74937e-002 
-5.88588e-002 
-5.07275e-002 
-6.56225e-002 
-5.38716e-002 
-4.24928e-002 
-5.78100e-002 
-9.27661e-002 
-9.02515e-002 
-5.50940e-002 
-1.47051e-002 
1.46831e-002 
1.57437e-002 
2.10650e-002 
7.40430e-005 
-3.64738e-002 
-6.74020e-002 
-1.17865e-001 
-1.57126e-001 
-1.73176e-001 
-1.46234e-001 
-1.31818e-001 
-1.33015e-001 
-9.78771e-002 
-5.07453e-002 
-1.68621e-002 
-3.68744e-002 
-6.06781e-002 
-6.70557e-002 
-4.65750e-002 
-1.69535e-002 
2.07083e-002 
2.47762e-002 
-1.99944e-002 
-6.68433e-002 
-6.40293e-002 
-3.21224e-002 
-6.53700e-003 
-2.07278e-002 
-1.71450e-003 
2.42029e-002 
4.59346e-002 
8.27755e-002 
1.15648e-001 
1.39711e-001 
1.42788e-001 
1.53521e-001 
1.62348e-001 
1.39048e-001 
1.03973e-001 
7.25807e-002 
2.25518e-002 
-2.67080e-002 
-5.02780e-002 
-3.27904e-002 
-1.17323e-002 
-8.73731e-003 
1.18262e-002 
4.71674e-002 
7.08190e-002 
3.74395e-002 
1.58403e-002 
-4.65256e-004 
-2.60216e-002 
-5.48220e-002 
-7.45987e-002 
-4.91694e-002 
-2.39173e-002 
-2.40202e-003 
7.43049e-003 
1.42367e-002 
1.90961e-002 
1.78660e-002 
9.92404e-003 
3.77799e-002 
6.60146e-002 
7.66730e-002 
6.20477e-002 
7.02747e-002 
7.47919e-002 
5.81567e-002 
3.89896e-002 
4.44590e-002 
4.89788e-002 
3.16207e-002 
9.18290e-003 
-5.21158e-003 
-2.93148e-003 
5.46855e-003 
1.56714e-002 
7.34087e-003 
-2.98961e-003 
-1.29755e-002 
-1.85330e-002 
-2.29823e-002 
-2.88210e-002 
-3.57427e-002 
-4.61016e-002 
-5.28658e-002 
-5.42248e-002 
-4.03927e-002 
-1.39740e-002 
-9.70332e-003 
-2.23481e-002 
-1.00727e-002 
9.33900e-003 
2.46643e-002 
1.31816e-002 
3.51353e-003 
4.56394e-003 
1.26283e-002 
9.70929e-003 
-5.95575e-004 
-1.31764e-004 
5.74746e-003 
-1.16145e-003 
-5.06990e-003 
-5.59239e-003 
-8.88457e-004 
4.28710e-003 
9.72353e-003 
1.23704e-002 
8.30554e-003 
1.12034e-002 
9.86110e-003 
4.40940e-003 
-3.23824e-003 
-9.90509e-003 
-1.43156e-002 
-1.11051e-002 
-6.75527e-003 
5.85444e-004 
6.20981e-003 
9.84883e-003 
1.15918e-002 
9.50533e-003 
5.62465e-003 
2.61504e-003 
4.89823e-004 
8.75491e-004 
-8.41973e-004 
-1.87333e-003 
-1.37084e-003 
-6.52490e-004 
-1.68706e-004 
-0.00000e+000 

