-1.554361e-003 
-1.531247e-003 
-1.514288e-003 
-1.456090e-003 
-1.416148e-003 
-1.425293e-003 
-1.407404e-003 
-1.304107e-003 
-1.256785e-003 
-1.341790e-003 
-1.154240e-003 
-1.039134e-003 
-1.269044e-003 
-8.656903e-004 
-8.420708e-004 
-1.017914e-003 
-7.718160e-004 
-1.177369e-004 
4.859678e-005 
-9.592287e-004 
-3.316465e-004 
-8.892902e-004 
-1.604959e-003 
-9.734291e-004 
-1.720572e-003 
-2.011954e-003 
2.944981e-004 
3.022016e-003 
8.577369e-005 
-8.021302e-004 
8.440199e-004 
1.112324e-003 
-3.528663e-003 
-2.844677e-003 
-4.104697e-003 
-9.074288e-003 
-5.212700e-003 
4.248007e-003 
7.501030e-003 
-1.431555e-005 
6.864201e-004 
-2.066770e-003 
4.233395e-003 
8.794056e-003 
6.020481e-004 
-1.214539e-002 
-7.192058e-003 
3.779610e-003 
-1.320238e-004 
-3.035565e-003 
2.597079e-003 
-2.554665e-003 
-8.657584e-003 
4.021856e-003 
2.899966e-003 
4.252653e-003 
1.049665e-002 
1.106208e-002 
1.711713e-002 
8.091314e-003 
-3.699258e-003 
-7.777967e-003 
2.161196e-002 
1.286829e-002 
7.982053e-003 
1.273909e-002 
3.167059e-003 
6.910329e-003 
4.234425e-003 
-2.203339e-002 
-1.322537e-002 
-6.244722e-003 
1.045017e-002 
2.931670e-002 
2.492787e-002 
1.721751e-002 
2.995814e-003 
8.613974e-003 
9.854059e-003 
1.407826e-002 
2.194751e-003 
-1.244055e-002 
-2.449874e-002 
-1.555868e-002 
2.615216e-003 
2.830956e-002 
4.565470e-002 
4.324749e-002 
2.678242e-002 
1.934450e-002 
3.454309e-002 
-5.028151e-003 
-3.209795e-002 
-3.358138e-002 
-1.006177e-002 
2.324938e-002 
1.791537e-002 
3.819050e-002 
5.050920e-002 
1.222762e-002 
-5.004894e-002 
-4.969485e-002 
-7.090541e-002 
-4.125176e-002 
2.627910e-002 
5.059243e-002 
3.255543e-002 
4.575295e-002 
1.461067e-002 
-1.997521e-002 
-3.603249e-002 
-8.584043e-003 
4.222806e-003 
1.544930e-002 
3.506152e-002 
3.003483e-002 
-1.572799e-002 
-4.468889e-002 
-7.082315e-002 
-6.146086e-002 
-3.785003e-002 
3.555771e-003 
-3.087532e-002 
-5.509355e-002 
-4.722819e-002 
-7.672843e-003 
1.937960e-002 
-8.469640e-003 
-2.200885e-002 
-2.083597e-002 
-2.671004e-002 
-1.130564e-002 
1.930743e-002 
3.285369e-002 
-3.392882e-002 
-8.358493e-002 
-9.281289e-002 
-1.428685e-001 
-1.695334e-001 
-1.773257e-001 
-1.575145e-001 
-1.279563e-001 
-1.264175e-001 
-1.214838e-001 
-1.152611e-001 
-1.024714e-001 
-9.328502e-002 
-7.664232e-002 
1.603959e-002 
1.090316e-001 
1.026387e-001 
5.044098e-002 
2.445641e-002 
2.581508e-002 
4.774143e-002 
6.803499e-002 
4.830640e-002 
-1.271736e-001 
-2.113106e-001 
-2.100749e-001 
-2.023077e-001 
-2.000476e-001 
-1.995114e-001 
-1.782408e-001 
-8.256438e-002 
-1.676485e-002 
-2.955875e-003 
-9.246612e-003 
-9.823259e-003 
1.381197e-003 
7.258986e-002 
1.838967e-001 
3.069571e-001 
3.241643e-001 
6.344882e-002 
-4.206944e-002 
-3.244449e-002 
1.311862e-001 
2.279485e-001 
2.267016e-001 
2.190858e-001 
2.146807e-001 
2.431675e-001 
2.908955e-001 
3.078000e-001 
3.055995e-001 
1.400729e-001 
-2.461978e-002 
1.466545e-002 
1.516615e-001 
1.912613e-001 
1.498891e-001 
5.128640e-002 
-7.532250e-002 
-1.780444e-001 
-1.515965e-001 
2.082988e-002 
2.732030e-001 
3.395101e-001 
3.232157e-001 
2.432845e-001 
1.728195e-001 
5.474872e-002 
-4.128685e-002 
1.499531e-002 
1.519902e-001 
2.752508e-001 
2.886990e-001 
2.376479e-001 
1.081797e-001 
-4.181485e-002 
-1.275112e-001 
-1.564346e-001 
-1.465472e-001 
-7.204423e-002 
-5.492319e-002 
-7.808180e-002 
-1.448163e-001 
-1.723505e-001 
-1.648965e-001 
-1.510754e-001 
-1.852441e-001 
-2.755386e-001 
-2.800968e-001 
-2.564229e-001 
-2.352092e-001 
-2.307849e-001 
-2.393379e-001 
-2.413864e-001 
-2.203975e-001 
-6.641647e-002 
1.968383e-002 
2.531931e-002 
2.949491e-002 
4.242115e-002 
4.273511e-002 
-9.964868e-003 
-1.014927e-001 
-1.252003e-001 
-5.106131e-002 
8.588557e-002 
2.096879e-001 
2.226666e-001 
1.759494e-001 
1.404460e-001 
1.372754e-001 
1.445051e-001 
6.038789e-002 
-1.116974e-001 
-1.659843e-001 
-1.558324e-001 
-1.124421e-001 
-1.068104e-001 
-9.038757e-002 
-7.775960e-002 
-1.250058e-001 
-1.572176e-001 
-1.890671e-001 
-1.990665e-001 
-1.947418e-001 
-1.535470e-001 
-8.276812e-002 
-2.337637e-002 
-1.593309e-002 
-2.795578e-002 
1.083666e-002 
2.942337e-002 
4.551143e-002 
6.575360e-002 
1.163001e-001 
2.151506e-001 
3.048488e-001 
3.135694e-001 
1.991554e-001 
7.216321e-002 
6.848011e-003 
-6.159877e-003 
-4.718539e-002 
-9.834693e-003 
9.330671e-002 
7.410901e-002 
3.239051e-002 
-1.722469e-002 
5.646190e-003 
4.159010e-002 
8.413138e-003 
-6.430697e-002 
-7.987435e-002 
2.493431e-002 
1.144195e-001 
8.491184e-002 
9.132306e-002 
1.586115e-001 
1.993406e-001 
1.796421e-001 
1.376030e-001 
1.382899e-001 
1.335645e-001 
5.524479e-002 
-3.545602e-002 
-1.102679e-001 
-1.066490e-001 
-8.907173e-002 
-5.234733e-002 
-2.403630e-002 
-5.141775e-002 
2.792604e-003 
3.767824e-002 
-5.734658e-002 
-1.741127e-001 
-2.422018e-001 
-2.635861e-001 
-2.780288e-001 
-2.799733e-001 
-1.900674e-001 
-8.705968e-002 
-8.370490e-002 
-4.890794e-002 
3.808994e-002 
3.250718e-002 
3.978790e-002 
6.448800e-002 
1.251558e-001 
1.736653e-001 
1.649402e-001 
5.336682e-002 
7.742301e-002 
1.671285e-001 
2.320078e-001 
2.963800e-001 
2.683305e-001 
2.447783e-001 
2.449873e-001 
1.895270e-001 
5.479139e-002 
-7.391821e-002 
-1.025326e-001 
-6.537555e-002 
-1.948526e-002 
8.996392e-002 
1.358363e-001 
1.408547e-001 
2.436557e-002 
-1.127933e-001 
-2.190775e-001 
-2.673433e-001 
-2.849907e-001 
-2.672919e-001 
-2.356510e-001 
-1.125549e-001 
-9.716359e-002 
-1.595146e-001 
-2.305241e-001 
-2.195034e-001 
-1.061552e-001 
1.684867e-002 
3.164692e-002 
2.114092e-002 
4.423652e-002 
1.312452e-001 
2.359414e-001 
2.802924e-001 
1.279665e-001 
-1.615384e-001 
-2.189036e-001 
-1.328243e-001 
-1.661795e-001 
-2.344508e-001 
-2.572671e-001 
-2.447750e-001 
-2.405434e-001 
-2.620510e-001 
-2.468886e-001 
-1.604618e-001 
-8.432219e-002 
-6.889840e-002 
-2.302459e-002 
1.681418e-003 
-1.392190e-002 
-3.979986e-002 
-4.181982e-002 
5.417485e-003 
5.485056e-002 
7.803849e-002 
1.408866e-001 
2.367470e-001 
3.406651e-001 
3.888310e-001 
3.346741e-001 
1.846846e-001 
3.623315e-002 
-7.773570e-002 
-9.005510e-002 
-2.980171e-002 
8.064797e-002 
1.298294e-001 
1.039812e-001 
7.247285e-002 
1.149692e-001 
1.633600e-001 
1.450541e-001 
2.025127e-002 
-8.722117e-002 
-9.683514e-002 
-3.828430e-002 
-3.919345e-003 
2.030464e-002 
7.657391e-002 
1.330656e-001 
6.202866e-002 
2.406759e-002 
4.406312e-002 
7.533001e-002 
9.081606e-002 
7.877239e-002 
9.743972e-002 
1.285584e-001 
1.629140e-001 
2.322729e-001 
3.287187e-001 
3.984416e-001 
4.059012e-001 
3.563890e-001 
3.111301e-001 
3.231781e-001 
3.152459e-001 
2.079218e-001 
-1.524947e-002 
-2.605299e-001 
-3.562959e-001 
-3.856833e-001 
-4.359368e-001 
-4.972241e-001 
-5.303026e-001 
-5.241460e-001 
-4.710138e-001 
-4.215422e-001 
-3.299333e-001 
-2.426200e-001 
-1.505941e-001 
-7.557880e-002 
-2.602289e-002 
-2.552281e-002 
-3.022521e-002 
-2.475321e-002 
-1.245521e-002 
6.514470e-003 
3.860604e-002 
6.881626e-002 
4.130424e-002 
1.105747e-002 
1.354829e-002 
4.485334e-002 
9.048474e-002 
1.590259e-001 
2.210369e-001 
2.032469e-001 
6.650972e-002 
8.650313e-003 
7.445816e-003 
6.276005e-002 
4.032654e-002 
-8.961179e-002 
-1.599720e-001 
-1.462790e-001 
-1.494212e-001 
-2.163829e-001 
-2.376467e-001 
-2.212426e-001 
-1.710239e-001 
-1.032409e-001 
-9.859003e-002 
-1.543918e-001 
-1.606207e-001 
-8.761460e-002 
1.536819e-002 
1.221236e-001 
2.225590e-001 
2.881106e-001 
3.094137e-001 
3.131950e-001 
3.042262e-001 
2.552494e-001 
1.900504e-001 
1.451974e-001 
8.794014e-002 
5.491703e-002 
9.728284e-002 
9.800586e-002 
5.953523e-003 
-9.541619e-002 
-1.747009e-001 
-2.251766e-001 
-2.370661e-001 
-2.322838e-001 
-2.559690e-001 
-2.747946e-001 
-2.931022e-001 
-1.818420e-001 
-8.594055e-002 
-1.907141e-002 
9.994615e-003 
4.171359e-002 
1.463223e-001 
2.378644e-001 
2.399062e-001 
1.731565e-001 
1.569482e-001 
1.714180e-001 
1.425071e-001 
1.445221e-002 
-1.200944e-001 
-2.288611e-001 
-2.593673e-001 
-2.222993e-001 
-1.487342e-001 
-1.152435e-001 
-9.912758e-002 
-2.491050e-002 
8.911918e-002 
1.934454e-001 
2.304707e-001 
2.210466e-001 
2.074008e-001 
2.049846e-001 
1.865840e-001 
1.447097e-001 
1.324898e-001 
1.148119e-001 
8.317375e-002 
-1.058269e-002 
-8.251303e-002 
-9.926460e-002 
-5.410424e-002 
3.545333e-002 
5.391985e-002 
-1.609214e-002 
-7.172644e-002 
-6.428626e-002 
1.530792e-002 
4.719289e-002 
1.744224e-002 
-1.274160e-002 
-1.197809e-002 
-1.003106e-002 
-3.807320e-002 
-8.718218e-002 
-1.585547e-001 
-2.058725e-001 
-2.003342e-001 
-1.601201e-001 
-1.169238e-001 
-7.769779e-002 
-5.093426e-002 
-1.734739e-002 
-9.798093e-003 
-3.052266e-003 
1.688661e-002 
1.200477e-002 
-4.275818e-002 
-1.110098e-001 
-1.378888e-001 
-1.244936e-001 
-1.030637e-001 
-9.727768e-002 
-6.809248e-002 
-3.536331e-002 
-1.435085e-003 
5.601048e-003 
-2.479653e-002 
-4.574445e-002 
-2.015000e-002 
5.498899e-002 
1.525744e-001 
2.375458e-001 
2.911487e-001 
3.182289e-001 
3.294322e-001 
3.123580e-001 
1.705775e-001 
5.105381e-003 
-1.203909e-001 
-1.853079e-001 
-2.064930e-001 
-2.140974e-001 
-2.010537e-001 
-1.190919e-001 
5.878880e-003 
1.320371e-001 
1.972510e-001 
2.099930e-001 
1.757239e-001 
1.298608e-001 
8.513251e-002 
3.857817e-002 
1.326491e-002 
7.728207e-003 
1.585839e-002 
4.188604e-002 
6.217013e-002 
7.429890e-002 
8.710597e-002 
1.192910e-001 
1.452693e-001 
1.347592e-001 
8.535894e-002 
3.682168e-002 
4.543841e-003 
5.415501e-003 
1.582710e-002 
5.050719e-003 
-3.149412e-002 
-6.158701e-002 
-5.496867e-002 
-3.520873e-002 
-1.050210e-002 
1.402996e-002 
2.456396e-002 
8.167849e-003 
-9.779096e-003 
-1.868576e-002 
-2.581352e-002 
-2.899178e-002 
-2.864727e-002 
-2.956576e-002 
-4.605930e-002 
-6.142565e-002 
-6.121914e-002 
-6.572366e-002 
-7.748983e-002 
-9.339749e-002 
-1.124654e-001 
-1.277689e-001 
-1.422636e-001 
-1.684505e-001 
-1.755903e-001 
-1.714090e-001 
-1.507769e-001 
-8.781429e-002 
-3.140929e-002 
1.712224e-002 
8.784935e-002 
1.573551e-001 
2.177459e-001 
2.353788e-001 
2.127798e-001 
1.661197e-001 
1.294087e-001 
9.399892e-002 
5.431931e-002 
1.646285e-002 
-5.805786e-003 
-4.674112e-003 
-1.573192e-002 
-3.762893e-002 
-3.901477e-002 
-1.278862e-002 
1.744710e-002 
1.338982e-002 
-3.486621e-002 
-6.487163e-002 
-6.654664e-002 
-3.389454e-002 
3.566517e-002 
8.595034e-002 
9.991424e-002 
8.345274e-002 
3.713269e-002 
-3.056800e-002 
-8.412928e-002 
-8.891781e-002 
-7.296625e-002 
-5.652359e-002 
-4.569085e-002 
1.933228e-003 
7.630384e-002 
1.273310e-001 
1.478793e-001 
1.331665e-001 
9.713579e-002 
6.386003e-002 
1.130231e-002 
-3.031967e-002 
-4.030898e-002 
-5.898930e-002 
-8.528571e-002 
-1.066738e-001 
-1.174552e-001 
-1.112085e-001 
-9.302870e-002 
-8.864598e-002 
-1.071670e-001 
-1.128594e-001 
-9.590122e-002 
-7.289264e-002 
-5.770742e-002 
-4.968727e-002 
-4.821059e-002 
-4.715883e-002 
-3.885220e-002 
-2.935353e-002 
-1.940690e-002 
-6.299843e-003 
1.136594e-002 
2.641956e-002 
2.953411e-002 
3.539028e-002 
4.570328e-002 
5.747338e-002 
7.202374e-002 
8.206841e-002 
7.334316e-002 
3.885421e-002 
2.057439e-003 
-1.605995e-002 
-2.667586e-002 
-4.580939e-002 
-5.109333e-002 
-4.239383e-002 
-3.136708e-002 
-1.959239e-002 
-8.321317e-003 
-1.358829e-003 
-3.471477e-003 
-1.307416e-002 
-2.382745e-002 
-3.273905e-002 
-4.166769e-002 
-5.167032e-002 
-4.848093e-002 
-2.362969e-002 
-4.800566e-004 
2.346093e-003 
2.782269e-003 
8.789086e-003 
1.739944e-002 
2.218004e-002 
2.202747e-002 
2.092963e-002 
1.310283e-002 
5.819064e-003 
4.493004e-003 
6.015682e-003 
5.697743e-003 
4.441814e-003 
2.189926e-003 
-2.770261e-004 
-1.875090e-003 
-1.517064e-003 
-3.773429e-004 
0.000000e+000 