0.00373166700000000
0.000485999300000000
0.000326357500000000
0.000241384300000000
0.000153510200000000
0.000223078900000000
0.000443574200000000
0.000609683200000000
0.000623691100000000
0.000604458900000000
0.000508381300000000
0.000425853200000000
0.000381131100000000
0.000264799400000000
0.000429131500000000
0.000606241300000000
0.000743264900000000
0.000487416900000000
0.000189943500000000
0.000160466600000000
0.000159276900000000
0.000348480900000000
0.000349019100000000
-0.000290015100000000
-0.000122421200000000
0.000569041900000000
0.000386259000000000
0.000394262600000000
0.000353568200000000
-1.95938100000000e-05
0.000297386800000000
0.000229413200000000
0.000725021000000000
0.000938938700000000
0.000417244300000000
0.000214725800000000
0.00114105000000000
0.000622300100000000
-0.000266190400000000
-9.85644500000000e-05
-0.000155826700000000
-5.21064000000000e-05
-0.000476529300000000
5.17742300000000e-05
-0.00101187500000000
-0.00191129000000000
0.000433147900000000
3.66227100000000e-05
-0.000251589700000000
-0.00186444300000000
-0.000767114800000000
-0.00166929600000000
-0.00204043700000000
0.000242449500000000
-0.000494109100000000
0.00127588900000000
-0.00127413700000000
-0.00263781600000000
-0.00148020200000000
-0.00264577100000000
-0.00106451700000000
0.00217331700000000
0.00386307900000000
-0.000622802000000000
-0.00342138100000000
-0.00514880600000000
-0.00373273000000000
0.00115888500000000
0.00115950400000000
0.00133525100000000
0.000483559800000000
-0.00326684600000000
-0.00583439900000000
-0.00326946100000000
0.000560971300000000
-0.00175247700000000
-0.00283001300000000
0.00299966100000000
0.00250855700000000
-0.00180638400000000
-0.00147532300000000
-0.00642460700000000
-0.00910130200000000
-0.00642213200000000
0.000435310600000000
0.00404610600000000
-0.00194088500000000
-0.00482599400000000
-0.00886260700000000
-0.00818166900000000
-0.0134051800000000
-0.00202422000000000
0.00279608400000000
0.00599322600000000
0.00125183400000000
-0.00256063300000000
-0.00231493400000000
0.00252846500000000
0.00595255800000000
0.000441236800000000
-0.00289823600000000
-0.00146999700000000
-0.000832914400000000
-0.00208918500000000
0.00426998100000000
0.00308945400000000
0.00332978400000000
0.00305854400000000
-0.00267967200000000
-0.000191326100000000
0.00160147900000000
0.00113071200000000
-0.0152636400000000
-0.0136759600000000
-0.00385218900000000
0.0118800500000000
0.00472240200000000
-0.0125255100000000
-0.00921811800000000
-0.00342115800000000
0.000971849100000000
-0.00864148500000000
-0.0165296700000000
-0.0119557200000000
0.00895286200000000
0.0103070300000000
-0.00289187500000000
0.00249501100000000
-0.00780166500000000
-0.000971896600000000
0.00108315500000000
0.00262379400000000
-0.00584872900000000
-0.000715864100000000
-0.00666093900000000
0.00160107300000000
-0.00988430700000000
-0.00406893500000000
0.00384392700000000
0.0160529500000000
0.0146256000000000
0.00177892700000000
-0.00936188900000000
-0.0131534300000000
-0.00130348700000000
0.0101606800000000
0.00212802200000000
-0.00923746700000000
-0.00456192600000000
-0.00258525200000000
-0.0115519700000000
-0.00217489700000000
0.00161559900000000
-0.0102263300000000
-0.0303496000000000
-0.0211239200000000
-0.000745340900000000
0.00643913200000000
0.00683613600000000
-0.00581091300000000
-0.0291617200000000
-0.0415218600000000
-0.0183838400000000
0.00921814600000000
0.0111349300000000
0.00134490300000000
-0.00180481800000000
-0.0111662700000000
-0.00699662700000000
-0.00548263400000000
-0.0122617500000000
0.0183157600000000
0.0310381200000000
0.0497077100000000
0.0454436700000000
0.0298914800000000
-0.0204583300000000
-0.0376914800000000
-0.0274792300000000
-0.0490689600000000
-0.0501940700000000
-0.0579062800000000
-0.0535499700000000
-0.00953089300000000
0.0125485700000000
-0.0140856900000000
-0.0399664400000000
-0.0568682600000000
-0.0743681500000000
-0.0355381400000000
0.0220421300000000
0.0943577300000000
0.125667900000000
0.110916600000000
0.0230038100000000
-0.0417600800000000
-0.119166600000000
-0.116212800000000
0.00178878300000000
0.0836581400000000
0.103610800000000
0.0870951200000000
0.0887798500000000
0.0597310900000000
-0.00299598400000000
-0.00826201200000000
-0.00472322700000000
-0.0286731200000000
-0.0192536800000000
0.0304634000000000
0.0575503500000000
0.0853349000000000
0.124799300000000
0.112871400000000
0.0580336400000000
0.0232319600000000
0.00288474500000000
-0.0314435400000000
-0.0495867800000000
-0.0559892000000000
-0.0811541800000000
-0.0796819500000000
-0.0974055100000000
-0.120923100000000
-0.0963250000000000
-0.0467480000000000
0.00596381200000000
0.0217913300000000
-0.0151312500000000
-0.00892806100000000
-0.0181925900000000
-0.0361738100000000
-0.0400454300000000
-0.0219473400000000
-0.0171505200000000
0.0514486400000000
0.106283900000000
0.144227500000000
0.180143500000000
0.219031600000000
0.230879700000000
0.0982191500000000
-0.0444973600000000
-0.0872078000000000
-0.0872319800000000
-0.0372402000000000
-0.0245112700000000
-0.0643117700000000
-0.104136300000000
-0.125521400000000
-0.0928279000000000
0.0395603200000000
0.133636100000000
0.0991482600000000
0.0513039400000000
-0.0478274000000000
-0.0920736800000000
-0.0980199300000000
-0.0802941300000000
-0.0575351100000000
-0.000117081200000000
0.0709226400000000
0.129969100000000
0.167452400000000
0.191465900000000
0.196711200000000
0.155519100000000
0.0676268500000000
0.0411803300000000
-0.0107558600000000
-0.106575400000000
-0.0801852300000000
-0.0400100600000000
-0.0541428600000000
-0.112106600000000
-0.119158400000000
-0.0838801400000000
-0.0720313900000000
-0.00676030900000000
0.0788541900000000
0.115616700000000
0.138416000000000
0.141828500000000
0.0859020700000000
0.0632035800000000
0.0831780600000000
0.0849371700000000
0.0867034000000000
0.127873100000000
0.144026200000000
0.0995718500000000
0.0146724300000000
-0.0571843500000000
-0.0655880100000000
-0.0848481200000000
-0.0870310900000000
-0.148698300000000
-0.254093500000000
-0.247862600000000
-0.179004100000000
-0.0835092500000000
-0.0263358000000000
-0.0419911700000000
-0.0673174700000000
0.0334235200000000
0.164505500000000
0.223796000000000
0.156609600000000
-0.0173690300000000
-0.124854800000000
-0.190885700000000
-0.184661800000000
-0.104998300000000
-0.0162334400000000
0.0409161000000000
0.108347800000000
0.174942900000000
0.198233600000000
0.160094800000000
0.172081200000000
0.247297800000000
0.262295600000000
0.118812100000000
-0.00197099800000000
-0.0688098400000000
-0.0337336000000000
-0.0149493700000000
-0.0919531700000000
-0.215213700000000
-0.310829900000000
-0.369712300000000
-0.376994500000000
-0.281564200000000
-0.160549100000000
-0.0917981300000000
-0.0359906700000000
-0.0106521900000000
0.0182900300000000
0.0508192600000000
0.146029500000000
0.287722400000000
0.312295000000000
0.220986100000000
0.0946002800000000
0.0286482400000000
0.0334656000000000
0.0270637400000000
-0.0520367800000000
-0.0492311300000000
-0.0107670600000000
0.0218201200000000
0.0430651100000000
0.0624503400000000
0.0238036100000000
-0.0246726000000000
-0.0179173300000000
-0.0499923400000000
-0.100455100000000
-0.120731300000000
-0.102732600000000
-0.0460199200000000
-0.0290695900000000
-0.0315127400000000
-0.0224437700000000
-0.00915168500000000
-0.0593392300000000
-0.0829058700000000
-0.0812551200000000
-0.0103796500000000
0.100317800000000
0.127894500000000
0.0699700400000000
-0.0286657100000000
-0.106382200000000
-0.138363300000000
-0.150273800000000
-0.113973500000000
0.00381106000000000
0.0193567100000000
-0.0266292400000000
-0.0771939300000000
-0.110873100000000
-0.114991700000000
-0.0793362200000000
-0.0323316900000000
0.0138121400000000
0.0140958900000000
-0.00653720200000000
-0.00288845000000000
0.0397279400000000
0.117268000000000
0.163659700000000
0.151998900000000
0.0937393900000000
0.0499717900000000
-0.0160637200000000
-0.0491366200000000
-0.0403880800000000
-0.0282703600000000
0.00102541100000000
0.0583790800000000
0.107625000000000
0.112472900000000
0.0874827900000000
0.0590375400000000
0.0235722400000000
0.0197176700000000
0.0415390500000000
0.0590073400000000
0.0854077300000000
0.122502500000000
0.129235600000000
0.0577803200000000
-0.0494943700000000
-0.141122500000000
-0.180115500000000
-0.145118000000000
-0.104894700000000
-0.0576521200000000
-0.00722402500000000
-0.0260132800000000
-0.0473087400000000
-0.0278852100000000
-0.0341422400000000
-0.0604781800000000
-0.0620144400000000
-0.0214874000000000
0.00200821300000000
-0.00834801700000000
0.0179789800000000
0.0950905600000000
0.0978517500000000
0.0637769000000000
0.0579013900000000
0.0615915500000000
0.0368789600000000
0.00662639400000000
0.00795141900000000
-0.0178204500000000
-0.0324084400000000
-0.0115072200000000
-0.0305071600000000
-0.108541800000000
-0.184618500000000
-0.202800900000000
-0.167895600000000
-0.0997748400000000
-0.0216871700000000
-0.0284023300000000
-0.0509427000000000
-0.0369859100000000
-0.00386995800000000
0.0383272900000000
0.0869322500000000
0.131258500000000
0.128025800000000
0.0919253500000000
0.0775424500000000
0.0730175400000000
0.0256059100000000
0.0150898700000000
0.0214211300000000
0.0352979600000000
0.0516839200000000
0.0533776000000000
0.00824930400000000
-0.115565000000000
-0.152559500000000
-0.166996700000000
-0.155440800000000
-0.116139700000000
-0.0914865200000000
-0.0742747600000000
-0.0116135900000000
0.0233271700000000
0.0636396200000000
0.103093400000000
0.0837385200000000
0.0365175800000000
0.0185925600000000
0.00208506100000000
-0.0242629900000000
-0.0413823400000000
0.00112085100000000
0.0666551000000000
0.103151000000000
0.0765958600000000
-0.000810893100000000
-0.0438928700000000
-0.0796158200000000
-0.121358800000000
-0.182700400000000
-0.191179300000000
-0.138157200000000
-0.0677205200000000
0.000383847500000000
0.0890716100000000
0.114878700000000
0.103173000000000
0.105883300000000
0.0950539300000000
0.0926932700000000
0.133962900000000
0.133681500000000
0.0886750000000000
0.0552098200000000
0.0631610800000000
0.0555951000000000
0.00663838900000000
-0.0219315400000000
0.0105878200000000
0.0674624500000000
0.0715085400000000
0.0349164500000000
0.00139449400000000
-0.00908920900000000
-0.0913017000000000
-0.197829600000000
-0.241868000000000
-0.256590300000000
-0.262102600000000
-0.181544300000000
0.0355438700000000
0.179500400000000
0.237682400000000
0.251603700000000
0.262582100000000
0.220668700000000
0.144611900000000
0.111625400000000
0.0814108500000000
0.0426006900000000
-0.000590414500000000
-0.0510174900000000
-0.0878522800000000
-0.114739900000000
-0.127592200000000
-0.139046900000000
-0.105568200000000
-0.0784285000000000
-0.0843769900000000
-0.0926840400000000
-0.0965194600000000
-0.131741900000000
-0.163371700000000
-0.136327100000000
-0.105568400000000
-0.0620468700000000
0.00346055300000000
0.0635396600000000
0.101887200000000
0.122493900000000
0.0724134600000000
0.0436763200000000
0.0863762700000000
0.115696800000000
0.123649700000000
0.101911000000000
0.0648192500000000
0.0880756800000000
0.0985370500000000
0.0884574700000000
0.0553722600000000
-0.0110170400000000
-0.0460476000000000
-0.00249136200000000
0.0535895300000000
0.0961161300000000
0.130265500000000
0.0850632700000000
0.0196048500000000
0.00906986100000000
0.0544244200000000
0.0448885200000000
0.0104101000000000
0.0149412600000000
0.0388281900000000
0.0138002500000000
-0.0432121800000000
-0.0895610500000000
-0.0896263400000000
-0.0631012500000000
0.00410719800000000
0.0489705400000000
0.0530539600000000
-0.00971509300000000
-0.0359797700000000
-0.0329744900000000
-0.0269029700000000
-0.0286925500000000
-0.0210067700000000
0.0345511500000000
0.0660729700000000
0.0463177000000000
0.00584784800000000
-0.0444243900000000
-0.0602408000000000
-0.0824450900000000
-0.114919200000000
-0.100534200000000
-0.0586603600000000
-0.0160655400000000
0.0231554900000000
0.0592136900000000
0.0865954800000000
0.104812700000000
0.0869263800000000
0.0387725500000000
0.00525127900000000
0.00269516200000000
0.00334721700000000
-0.0233884000000000
-0.0769768200000000
-0.0916052100000000
-0.0487349800000000
-0.0274298800000000
0.0194538700000000
0.0642825600000000
0.0509078900000000
0.0249584900000000
0.0332615000000000
0.0500956500000000
0.0553856800000000
0.0412168100000000
-0.0184350100000000
-0.0776735800000000
-0.0687589500000000
-0.0653752300000000
-0.0951238300000000
-0.132024900000000
-0.123930200000000
-0.0621272600000000
-0.0450625700000000
-0.0498068300000000
-0.0531712500000000
-0.0316888900000000
-0.0140833100000000
-0.00212733700000000
-0.0203863300000000
-0.0507464200000000
-0.0634750700000000
-0.0478970200000000
-0.0184098400000000
-0.0188024000000000
-0.0202271000000000
-0.00334781900000000
0.0296666800000000
0.0697544700000000
0.104911200000000
0.124027100000000
0.120098100000000
0.0700859300000000
-0.00623693900000000
-0.0415692500000000
-0.0398146200000000
-0.00276763500000000
0.0155944100000000
0.00538260800000000
-0.0437980800000000
-0.0649380800000000
-0.0260949300000000
-0.0152330400000000
-0.0364146400000000
-0.0349702700000000
-0.0238866800000000
-0.0384770800000000
-0.0205068400000000
0.0310403400000000
0.0596306300000000
0.0507948500000000
0.0370545100000000
0.0146884600000000
0.00431120300000000
0.0211973000000000
0.0185943600000000
0.00724621800000000
0.00859954500000000
0.0143284700000000
0.0167520200000000
0.0122257700000000
0.00167024000000000
-0.00274556700000000
-0.00800580100000000
-0.000115031600000000
0.00495559700000000
0.00531248800000000
0.00309880500000000
0.00202358000000000
-0.00127841100000000
-0.00553158300000000
-0.00375929200000000
-0.000993078400000000
0.00429717200000000
0.00789502600000000
0.0106914100000000
0.00715608200000000
0.00352248500000000
0.00231398600000000
0.00263876700000000
0.00156190200000000
