9.93953e-004 
9.56886e-004 
9.07736e-004 
7.48543e-004 
6.88386e-004 
9.50366e-004 
1.04843e-003 
8.05188e-004 
5.56174e-004 
7.01869e-004 
9.53747e-004 
5.38130e-004 
-4.86469e-004 
-1.34705e-003 
9.93079e-005 
4.48071e-004 
1.13109e-004 
-1.98272e-003 
-8.43716e-004 
3.51188e-003 
6.07394e-003 
5.24291e-003 
3.30381e-003 
6.88697e-004 
-1.81803e-003 
1.89251e-003 
3.79883e-003 
1.74710e-003 
-4.59115e-004 
-7.26590e-004 
-3.97775e-003 
-7.96477e-003 
-3.84416e-003 
1.03010e-002 
1.31770e-002 
6.61843e-003 
8.93404e-003 
9.73090e-003 
-4.93110e-003 
-9.62854e-003 
2.68916e-003 
1.78548e-002 
2.07167e-002 
9.70964e-003 
-8.62964e-003 
-2.05599e-002 
-1.80119e-002 
3.29380e-003 
1.04706e-002 
1.04275e-003 
-3.89880e-003 
-9.91492e-003 
-7.81693e-003 
-3.18670e-004 
2.21662e-003 
-1.45920e-002 
-3.14667e-002 
-2.44195e-002 
6.37793e-003 
2.29764e-002 
1.05221e-002 
-1.03385e-002 
-2.32610e-002 
-2.19562e-002 
-3.87469e-003 
6.36178e-003 
-2.99976e-003 
-2.10566e-002 
-1.85633e-002 
2.09609e-003 
1.96766e-002 
2.37502e-002 
1.32181e-002 
9.67407e-003 
1.07724e-002 
2.02786e-002 
1.12304e-002 
-1.12607e-002 
-1.59462e-002 
-7.13667e-003 
3.52726e-003 
6.19156e-003 
2.76491e-003 
-2.05588e-003 
6.43287e-004 
2.10930e-002 
3.92774e-002 
3.77166e-002 
2.63195e-002 
9.12569e-003 
-1.41383e-002 
-3.68311e-002 
-3.98086e-002 
-1.92006e-002 
-2.27469e-003 
6.18030e-003 
1.39763e-002 
1.87265e-002 
1.37877e-002 
1.27491e-002 
1.61938e-002 
-7.03303e-004 
-2.37444e-002 
-6.97058e-003 
4.32819e-002 
7.69645e-002 
6.50714e-002 
8.76143e-004 
-6.07078e-002 
-6.75365e-002 
-1.70488e-002 
2.84701e-002 
2.14093e-002 
-3.38166e-002 
-6.12009e-002 
-4.11960e-002 
2.25621e-002 
4.27805e-002 
2.85384e-002 
-3.43932e-003 
-1.00329e-002 
-1.78478e-002 
-3.93394e-002 
-7.13507e-002 
-6.80347e-002 
-1.74805e-002 
1.97238e-002 
4.30059e-002 
5.19475e-002 
2.54574e-002 
-1.38318e-002 
-1.25512e-002 
6.97200e-003 
-2.68936e-003 
3.95186e-003 
3.20048e-002 
2.00667e-002 
-2.52947e-002 
-7.16453e-002 
-8.78880e-002 
-6.89671e-002 
1.55363e-002 
8.17465e-002 
8.78948e-002 
5.58780e-002 
2.76583e-003 
-2.58337e-002 
-1.51829e-002 
1.50278e-002 
2.58653e-002 
2.10411e-002 
7.89243e-003 
-1.16307e-002 
-2.30005e-002 
-3.90469e-002 
-5.63534e-002 
-5.41474e-002 
-2.12671e-002 
2.12196e-002 
3.07476e-002 
1.23298e-002 
-1.41149e-002 
-2.58290e-002 
2.03992e-003 
3.13847e-002 
2.89717e-002 
2.51370e-002 
3.90429e-002 
4.86083e-002 
2.84772e-002 
-1.50116e-002 
-2.72843e-002 
1.35026e-002 
4.62480e-002 
4.27604e-002 
1.74258e-002 
4.61001e-003 
5.38739e-003 
4.73311e-003 
-1.12640e-002 
-4.51565e-002 
-7.11999e-002 
-8.62331e-002 
-1.00384e-001 
-1.11716e-001 
-1.07490e-001 
-9.82280e-002 
-1.03349e-001 
-1.29720e-001 
-1.44741e-001 
-1.00058e-001 
-7.48133e-003 
2.71946e-002 
2.10615e-002 
-3.34838e-003 
8.11216e-003 
4.06957e-002 
6.00519e-002 
7.20701e-002 
9.74990e-002 
1.66063e-001 
1.97062e-001 
1.73339e-002 
-1.12563e-001 
-1.57249e-001 
-1.40255e-001 
-8.53499e-002 
-8.88421e-002 
-1.29618e-001 
-1.47303e-001 
-5.30224e-002 
1.80760e-001 
2.72865e-001 
2.61837e-001 
1.28071e-001 
-1.80759e-002 
-1.04006e-002 
1.81230e-002 
-9.04322e-002 
-1.88738e-001 
-2.60700e-001 
-2.84957e-001 
-2.62575e-001 
-2.24470e-001 
-1.51084e-001 
-1.02268e-001 
-1.12986e-001 
-1.02988e-001 
8.31548e-003 
1.53718e-001 
2.60168e-001 
3.25676e-001 
3.72604e-001 
4.14389e-001 
4.84669e-001 
4.46209e-001 
3.65500e-001 
2.93792e-001 
1.62233e-001 
6.37879e-002 
4.31539e-002 
6.28120e-002 
9.11392e-002 
1.15157e-001 
1.22111e-001 
1.24606e-001 
1.24508e-001 
1.04973e-001 
-6.68342e-002 
-2.89284e-001 
-2.49259e-001 
-2.97518e-001 
-2.46512e-001 
-1.77689e-001 
-1.53068e-001 
-1.91787e-001 
-2.50792e-001 
-1.23494e-001 
-2.79814e-002 
5.48342e-002 
6.51731e-002 
1.17214e-001 
1.91744e-001 
2.90924e-001 
3.59407e-001 
3.94041e-001 
3.49731e-001 
2.47803e-001 
1.67349e-001 
9.14154e-002 
5.61203e-003 
-7.62295e-002 
-1.29723e-001 
-1.72862e-001 
-1.47611e-001 
-8.92571e-002 
-7.86198e-002 
-1.13259e-001 
-1.67792e-001 
-2.26914e-001 
-2.81570e-001 
-3.18947e-001 
-3.24594e-001 
-2.70088e-001 
-1.92368e-001 
-1.26021e-001 
-8.62297e-002 
-1.51675e-002 
9.44258e-002 
1.75293e-001 
2.03566e-001 
1.65571e-001 
3.52926e-002 
-1.08407e-001 
-1.87660e-001 
-2.15134e-001 
-1.28304e-001 
-1.15079e-002 
7.20844e-002 
1.21300e-001 
1.04820e-001 
-3.53849e-002 
-1.36695e-001 
-2.00471e-001 
-2.32553e-001 
-2.16818e-001 
-1.83342e-001 
-1.51097e-001 
-1.00756e-001 
-4.01560e-002 
-6.41631e-003 
-2.90571e-002 
-6.55307e-002 
-9.28449e-002 
-1.30810e-001 
-1.67858e-001 
-1.96807e-001 
-2.10301e-001 
-1.80588e-001 
-7.58287e-002 
4.26775e-002 
1.39731e-001 
2.28108e-001 
2.67861e-001 
2.96187e-001 
3.47015e-001 
3.70205e-001 
3.65389e-001 
3.24220e-001 
2.84244e-001 
2.65698e-001 
2.17509e-001 
1.65470e-001 
1.29909e-001 
1.18302e-001 
1.08893e-001 
6.72274e-002 
-1.97509e-002 
-1.24830e-001 
-1.72520e-001 
-2.16487e-001 
-2.25380e-001 
-2.10476e-001 
-1.66155e-001 
-1.25779e-001 
-9.84782e-002 
-4.11880e-002 
1.13806e-001 
2.17514e-001 
2.67275e-001 
2.30197e-001 
6.80391e-002 
-2.80538e-002 
-1.55168e-002 
1.23615e-001 
2.29270e-001 
2.54441e-001 
2.29843e-001 
1.56188e-001 
9.43162e-002 
6.33743e-002 
3.39726e-002 
-2.16564e-002 
-1.23081e-001 
-2.11031e-001 
-2.54303e-001 
-2.70124e-001 
-2.56717e-001 
-2.67782e-001 
-2.75108e-001 
-2.84383e-001 
-2.79886e-001 
-2.33001e-001 
-6.81298e-002 
3.19783e-002 
6.83858e-002 
6.02145e-002 
5.18266e-002 
5.62554e-002 
9.52342e-002 
1.71328e-001 
2.69646e-001 
3.80901e-001 
3.62642e-001 
1.85328e-001 
1.89476e-002 
-4.01425e-002 
-6.94835e-002 
-9.28944e-002 
-1.04885e-001 
-8.09548e-002 
-4.20020e-002 
-1.27427e-002 
-1.25548e-002 
-2.43570e-002 
-3.90671e-002 
-6.14133e-002 
-9.29535e-002 
-1.29216e-001 
-1.52712e-001 
-1.45759e-001 
-8.50378e-002 
-3.78658e-002 
-1.96362e-002 
-2.64814e-002 
-4.17505e-002 
-4.88973e-002 
-3.30244e-002 
-1.56294e-003 
1.51916e-002 
6.16343e-003 
-6.58457e-003 
-1.06534e-002 
-1.79753e-002 
-3.61159e-002 
-6.76899e-002 
-1.11688e-001 
-1.24783e-001 
-1.03484e-001 
-5.79309e-002 
-5.08736e-002 
-7.24979e-002 
-8.64189e-002 
-5.65838e-002 
1.60577e-002 
8.22650e-002 
1.25219e-001 
1.47423e-001 
1.63478e-001 
1.67375e-001 
1.38098e-001 
5.07572e-003 
-1.07366e-001 
-1.52723e-001 
-1.54864e-001 
-1.17949e-001 
-1.43115e-002 
8.14394e-002 
1.39396e-001 
1.68569e-001 
1.45820e-001 
2.44167e-002 
-8.69591e-002 
-1.21555e-001 
-9.91900e-002 
-4.63187e-003 
3.35696e-002 
9.71619e-003 
-3.94890e-002 
-5.73885e-002 
-2.10574e-002 
4.42238e-002 
9.07382e-002 
1.12531e-001 
1.31701e-001 
1.59030e-001 
1.89098e-001 
1.99727e-001 
1.68301e-001 
9.03871e-002 
2.08116e-002 
-2.23094e-003 
1.57559e-002 
5.71166e-002 
6.64409e-002 
5.43285e-002 
4.32767e-002 
4.10884e-002 
4.22410e-002 
3.50007e-002 
1.17207e-002 
-2.11433e-002 
-5.78577e-002 
-9.86531e-002 
-1.32480e-001 
-1.33163e-001 
-8.64962e-002 
-2.27230e-002 
-2.66053e-003 
-4.15404e-003 
4.93530e-003 
1.77445e-002 
1.66828e-002 
5.02901e-003 
-4.56806e-003 
-1.17856e-002 
-3.52088e-002 
-6.88932e-002 
-8.07087e-002 
-6.34890e-002 
-2.32135e-002 
-2.48030e-003 
6.94024e-003 
1.81171e-002 
2.82364e-002 
2.64462e-002 
-5.86104e-004 
-2.57781e-002 
-2.98060e-002 
-5.36161e-003 
9.41435e-003 
-9.04004e-003 
-2.94513e-002 
-2.68922e-002 
-5.01486e-003 
3.00839e-002 
3.11362e-002 
-1.77655e-002 
-7.34438e-002 
-1.09987e-001 
-1.17338e-001 
-9.87151e-002 
-5.94431e-002 
-3.61595e-002 
-3.56320e-002 
-3.60629e-002 
-3.02143e-002 
-2.10124e-002 
-2.12382e-004 
4.28011e-002 
8.18729e-002 
1.16442e-001 
1.38542e-001 
1.41328e-001 
1.29561e-001 
1.10681e-001 
5.53094e-002 
-4.08091e-003 
-2.97893e-002 
-3.43918e-002 
-3.85887e-002 
-4.49741e-002 
-3.63743e-002 
-1.14255e-002 
7.23875e-003 
3.08922e-003 
-2.49104e-002 
-5.83032e-002 
-7.49173e-002 
-4.13894e-002 
2.18262e-002 
6.39923e-002 
5.73394e-002 
2.61100e-002 
1.12776e-002 
2.50394e-002 
5.43274e-002 
7.59314e-002 
8.98919e-002 
9.77871e-002 
1.07977e-001 
1.11484e-001 
8.71639e-002 
2.90706e-002 
-3.75357e-003 
-1.02782e-002 
2.67718e-003 
9.28117e-003 
-1.18978e-002 
-3.62133e-002 
-4.87262e-002 
-4.48724e-002 
-3.41927e-002 
-3.02941e-002 
-3.49398e-002 
-3.60550e-002 
-4.04437e-002 
-4.56620e-002 
-5.76024e-002 
-7.52101e-002 
-8.23300e-002 
-4.61001e-002 
1.70099e-002 
4.40054e-002 
2.41950e-002 
-1.41802e-002 
-1.58174e-002 
1.24845e-002 
3.10550e-002 
1.99693e-002 
-8.45070e-003 
-3.17588e-002 
-5.03066e-002 
-6.69988e-002 
-7.42294e-002 
-6.02964e-002 
-3.56646e-002 
-1.60994e-002 
-1.67130e-002 
-3.25643e-002 
-4.23290e-002 
-4.12011e-002 
-3.40671e-002 
-2.82818e-002 
-1.88141e-002 
8.79148e-004 
2.39326e-002 
3.70851e-002 
3.49403e-002 
1.87768e-002 
2.90017e-003 
3.42101e-003 
1.84732e-002 
3.16484e-002 
3.55431e-002 
2.65490e-002 
1.18551e-002 
3.70022e-003 
4.44360e-004 
-5.99630e-004 
-5.33328e-004 
4.62815e-003 
1.24365e-002 
1.88781e-002 
1.24645e-002 
-2.55866e-003 
-2.77458e-002 
-4.49591e-002 
-5.21109e-002 
-5.11507e-002 
-4.95985e-002 
-4.20829e-002 
-2.04670e-002 
8.19718e-003 
3.11967e-002 
4.50211e-002 
5.04465e-002 
5.18017e-002 
4.87842e-002 
3.53493e-002 
2.05769e-002 
1.02407e-002 
9.30205e-003 
1.40504e-002 
2.14695e-002 
2.58218e-002 
2.40360e-002 
1.07647e-002 
-7.10745e-003 
-2.15810e-002 
-3.01216e-002 
-2.99217e-002 
-2.36484e-002 
-2.05793e-002 
-2.04942e-002 
-1.75657e-002 
-1.74385e-002 
-2.22167e-002 
-2.59246e-002 
-2.58609e-002 
-1.74028e-002 
-2.60920e-003 
7.49411e-003 
8.10832e-003 
8.16033e-003 
1.17648e-002 
1.83682e-002 
2.18963e-002 
2.01090e-002 
1.71254e-002 
1.19963e-002 
5.60566e-003 
1.65665e-003 
-2.36294e-003 
-8.86472e-003 
-1.34193e-002 
-1.65713e-002 
-1.62810e-002 
-1.36809e-002 
-7.51522e-003 
-1.80561e-003 
2.20335e-003 
4.51157e-003 
3.95130e-003 
2.45760e-003 
2.41445e-003 
4.60283e-003 
6.53584e-003 
6.42720e-003 
6.75206e-003 
7.19459e-003 
7.41830e-003 
6.52420e-003 
1.84910e-003 
-9.96178e-004 
4.98354e-004 
3.00127e-003 
4.67750e-003 
4.58142e-003 
3.29591e-003 
1.75796e-003 
3.84414e-004 
1.98725e-004 
5.52592e-004 
4.06983e-004 
-1.06900e-004 
-6.89761e-004 
-9.60752e-004 
-6.84249e-004 
-2.42698e-004 
-0.00000e+000 