4.74075e-003 
3.31884e-003 
1.64557e-003 
-5.53711e-004 
-3.30645e-003 
-4.80300e-004 
3.14222e-003 
2.95184e-003 
2.95366e-003 
3.48746e-004 
-3.78767e-003 
-1.21294e-003 
5.59060e-004 
-1.08788e-004 
2.04133e-003 
3.90203e-003 
2.55396e-003 
-2.64717e-003 
-1.04209e-003 
1.97196e-003 
3.47563e-003 
2.70843e-003 
-2.79691e-003 
-3.58101e-003 
-1.16481e-003 
6.82394e-003 
9.82317e-003 
-2.34487e-004 
-4.63508e-003 
-4.52398e-005 
4.94174e-003 
8.20920e-003 
6.67301e-003 
-4.10079e-003 
-1.02146e-002 
-8.63410e-004 
1.03890e-002 
5.77072e-003 
-1.71831e-003 
-4.17768e-003 
-8.24459e-003 
-3.28939e-003 
8.82118e-004 
-1.69134e-003 
-7.26656e-003 
-3.19015e-003 
1.12414e-002 
9.72322e-004 
-6.81885e-003 
-4.33311e-003 
-1.35143e-002 
-7.66405e-004 
1.17491e-002 
-6.72545e-004 
-1.40743e-002 
-4.25644e-003 
6.67471e-003 
-8.06427e-003 
-1.19053e-002 
-7.67687e-003 
-7.64160e-003 
3.18389e-003 
3.47475e-003 
5.44157e-004 
-4.47351e-003 
-1.01651e-002 
9.20236e-004 
3.91496e-003 
1.28266e-002 
1.29505e-002 
-8.12650e-004 
-2.36680e-004 
1.69133e-002 
3.18242e-002 
2.01037e-002 
5.42588e-003 
-7.58949e-003 
-2.43171e-003 
6.28971e-003 
-1.09421e-002 
-2.63783e-002 
-2.06967e-002 
-1.04881e-002 
-1.21113e-002 
-1.91232e-002 
-1.81819e-002 
-1.55781e-002 
-1.22751e-002 
1.22247e-003 
1.46545e-002 
1.24018e-002 
2.20644e-003 
1.09785e-002 
1.66220e-002 
1.69056e-003 
-1.73031e-002 
-2.38271e-002 
-1.38637e-002 
-9.27640e-003 
-1.25051e-002 
-1.82201e-002 
-1.35166e-002 
9.74443e-003 
2.32693e-002 
1.63460e-002 
8.51013e-003 
1.55478e-002 
2.81347e-002 
2.99527e-002 
2.75244e-002 
2.56181e-002 
1.64133e-002 
3.77376e-003 
-9.93049e-003 
-2.24793e-002 
-3.35662e-002 
-3.49699e-002 
-2.09612e-002 
-9.58057e-003 
7.05161e-003 
2.12926e-002 
1.19335e-002 
4.22846e-003 
1.19082e-002 
1.47779e-002 
6.91236e-003 
-1.39320e-002 
-2.98754e-002 
-1.92616e-002 
1.95660e-003 
1.37250e-003 
-1.61701e-002 
-2.06094e-002 
-2.52917e-002 
-1.75549e-002 
-9.33870e-003 
-1.60298e-002 
-1.68949e-002 
-1.21220e-002 
8.33992e-003 
3.65186e-002 
3.73095e-002 
1.14038e-002 
6.06876e-003 
1.19443e-002 
1.29001e-002 
8.05942e-003 
5.59729e-003 
1.43711e-002 
1.77139e-002 
1.16395e-002 
6.02562e-003 
5.14142e-003 
-8.18702e-003 
-8.63182e-003 
1.56995e-003 
-2.82087e-003 
-1.96877e-002 
-9.82176e-003 
7.22847e-003 
-8.05190e-003 
-2.05016e-002 
-9.75698e-003 
1.18053e-002 
1.64852e-002 
1.45198e-003 
-1.61018e-003 
1.40437e-002 
1.17061e-002 
9.19735e-003 
-8.46585e-003 
-4.03499e-002 
-2.91321e-002 
-2.35429e-003 
3.58453e-003 
4.43453e-003 
-5.49726e-003 
-1.62656e-002 
8.10830e-003 
3.63649e-002 
3.05754e-002 
3.20771e-003 
-7.75921e-003 
9.95424e-004 
9.29589e-003 
1.23533e-002 
-3.23349e-003 
-2.20611e-003 
6.76397e-003 
-8.15531e-003 
-6.49845e-003 
2.15807e-002 
3.27603e-002 
1.32739e-002 
-1.06972e-002 
-1.12689e-002 
2.02639e-002 
3.66675e-002 
3.00678e-003 
-3.96951e-002 
-4.31292e-002 
1.53225e-003 
5.62614e-002 
5.40208e-002 
2.56934e-003 
-3.12435e-002 
-1.16311e-002 
3.42048e-002 
4.61870e-002 
-7.41778e-004 
-2.87919e-002 
-2.81702e-003 
1.10580e-002 
-6.64134e-003 
-1.96934e-002 
-1.59749e-002 
-7.10635e-003 
-1.66441e-004 
1.00773e-002 
-7.65166e-004 
3.20889e-003 
1.98089e-002 
6.50406e-002 
1.22089e-001 
1.61696e-001 
6.99242e-002 
-1.27713e-001 
-1.93348e-001 
-1.72901e-001 
-1.52053e-001 
-1.00875e-001 
-4.69570e-002 
6.15818e-002 
2.57026e-001 
3.26649e-001 
1.58451e-001 
-2.63181e-002 
-1.87259e-001 
-3.22844e-001 
-3.54352e-001 
-1.56466e-001 
2.18965e-001 
3.05957e-001 
6.90550e-002 
-1.59631e-001 
-1.68304e-001 
-6.70890e-002 
5.35327e-002 
2.31759e-001 
3.45033e-001 
2.34456e-001 
3.68402e-002 
-1.95583e-001 
-3.36792e-001 
-3.22270e-001 
-1.06234e-001 
2.05794e-001 
2.56361e-001 
1.26054e-002 
-1.67894e-001 
-1.20523e-001 
2.94109e-002 
1.55309e-001 
1.16201e-001 
-1.39790e-002 
-3.57767e-002 
-1.25930e-001 
-1.27563e-001 
1.79854e-001 
3.19472e-001 
1.64039e-001 
-8.72243e-002 
-2.11296e-001 
-2.30664e-001 
-1.23483e-001 
-6.30251e-002 
-1.71109e-001 
-2.30335e-001 
-7.14694e-002 
1.55935e-001 
1.86671e-001 
1.57670e-001 
1.18641e-001 
-1.58335e-001 
-2.94051e-001 
5.20749e-003 
2.44908e-001 
1.71593e-001 
-2.05335e-002 
-6.13747e-002 
3.56891e-002 
1.46287e-001 
-5.07018e-002 
-2.52138e-001 
-2.15419e-001 
-1.96477e-001 
-2.07400e-001 
-1.37162e-001 
1.59137e-001 
1.84315e-001 
-3.97634e-002 
-1.15602e-002 
2.01645e-001 
3.08057e-001 
2.66335e-001 
1.91332e-001 
1.74942e-001 
1.00476e-001 
-5.47152e-002 
-9.10062e-002 
-2.15680e-001 
-4.38157e-001 
-3.18143e-001 
-1.69185e-002 
5.23882e-002 
5.93192e-002 
6.22155e-002 
8.77634e-002 
1.08142e-001 
1.18880e-001 
1.28612e-001 
1.39453e-001 
9.16175e-002 
-3.61309e-002 
-8.80877e-002 
-1.12642e-001 
-1.44740e-001 
-8.22442e-002 
4.34746e-002 
1.13618e-002 
-6.30269e-002 
-9.59890e-002 
-1.72377e-002 
1.27075e-001 
1.63030e-001 
3.24447e-002 
-1.04810e-001 
-7.92808e-002 
-8.44328e-002 
-1.44710e-001 
-6.96181e-002 
8.85558e-002 
1.76775e-001 
2.41843e-001 
2.05559e-001 
1.04159e-001 
9.81913e-002 
9.63959e-002 
5.36112e-002 
3.00682e-002 
8.47863e-002 
4.44161e-002 
-9.18391e-002 
-2.63879e-002 
4.14401e-002 
4.96638e-002 
-4.79341e-002 
-1.84056e-001 
-2.11217e-001 
-1.40274e-001 
4.03317e-002 
7.82496e-002 
7.69844e-002 
6.41515e-002 
-9.33311e-003 
-5.85714e-002 
-6.93108e-002 
-6.14505e-002 
-6.82904e-002 
1.04185e-001 
3.22148e-001 
3.73880e-001 
2.52879e-001 
1.11954e-001 
1.25094e-001 
-2.98756e-002 
-3.50318e-001 
-3.98914e-001 
-3.01999e-001 
-2.26890e-001 
-2.79782e-001 
-4.08414e-001 
-4.32294e-001 
-3.43322e-001 
7.76722e-002 
4.02062e-001 
4.37178e-001 
4.74172e-001 
4.25435e-001 
7.72162e-002 
-1.35661e-001 
-6.07544e-002 
8.80125e-003 
-5.36124e-002 
-2.72241e-001 
-2.73857e-001 
-5.89883e-002 
8.43077e-002 
8.97027e-002 
5.82510e-002 
3.38039e-002 
4.93343e-002 
9.70096e-002 
4.72345e-002 
-5.51501e-002 
-6.92399e-002 
-8.76837e-002 
-1.12439e-001 
-1.34189e-001 
-1.51772e-001 
-8.27238e-002 
-5.22352e-002 
-6.90902e-002 
-1.13136e-001 
-1.20698e-002 
2.34187e-001 
3.47530e-001 
2.51701e-001 
3.03412e-002 
-2.03519e-001 
-2.94712e-001 
-1.47409e-001 
-9.52846e-002 
-9.99384e-002 
-5.58501e-002 
3.30362e-002 
1.28915e-001 
2.50866e-001 
2.91216e-001 
2.48626e-001 
2.00739e-001 
1.89013e-001 
1.40864e-001 
-7.83101e-002 
-1.56442e-001 
-1.96762e-001 
-1.39811e-001 
2.60793e-001 
4.40241e-001 
2.48433e-001 
-1.08556e-001 
-2.58604e-001 
-5.96665e-002 
2.09055e-001 
4.44099e-001 
4.57786e-001 
2.63665e-001 
1.85516e-002 
-2.08910e-001 
-3.00730e-001 
-2.75841e-001 
-1.08817e-001 
4.05941e-002 
3.54882e-002 
-5.65669e-002 
-2.34812e-001 
-3.49968e-001 
-3.75213e-001 
-3.78241e-001 
-3.50303e-001 
-1.46553e-001 
9.87415e-002 
2.71326e-001 
3.20870e-001 
3.28001e-001 
2.77069e-001 
1.48991e-001 
1.26147e-001 
1.83138e-001 
2.67989e-001 
3.50881e-001 
4.01873e-001 
4.24729e-001 
4.00370e-001 
2.86326e-001 
5.68079e-002 
-3.33493e-001 
-4.85598e-001 
-6.01081e-001 
-8.26172e-001 
-1.04806e+000 
-9.15647e-001 
1.09180e-001 
1.26317e+000 
1.55927e+000 
1.21874e+000 
6.74730e-001 
4.04156e-001 
-1.51449e-001 
-1.36158e+000 
-1.82915e+000 
-1.47056e+000 
-7.48934e-001 
-2.68228e-001 
-2.43672e-001 
-4.07850e-002 
4.62475e-001 
5.19626e-001 
1.00352e-001 
-2.30438e-001 
-2.99061e-001 
-2.89913e-001 
-3.13852e-001 
-1.80084e-001 
6.96337e-002 
2.69346e-001 
3.43382e-001 
3.66722e-001 
4.78148e-001 
5.84699e-001 
9.01103e-002 
-4.84658e-001 
-6.70072e-001 
-4.91527e-001 
8.91207e-002 
6.75856e-001 
6.50741e-001 
2.29249e-001 
1.48523e-001 
2.39915e-001 
1.82577e-001 
-4.73557e-002 
-3.14612e-001 
-4.82872e-001 
-5.46496e-001 
-4.73228e-001 
-1.44266e-001 
1.47227e-002 
-1.13774e-001 
-2.99520e-001 
-2.33824e-001 
7.63938e-002 
3.95826e-001 
6.96860e-001 
7.37993e-001 
4.90268e-001 
4.57055e-002 
-2.56361e-001 
-1.55264e-001 
1.77564e-001 
2.81853e-001 
1.18313e-001 
3.87352e-002 
6.78611e-002 
1.92458e-001 
2.37173e-001 
1.41455e-001 
5.13683e-002 
1.22979e-003 
-1.13245e-001 
-2.09343e-001 
-1.84106e-001 
-4.63109e-003 
1.24214e-001 
5.04075e-002 
-6.05730e-002 
-9.27158e-002 
-8.41164e-002 
-7.31111e-002 
-5.70231e-002 
-7.02133e-002 
-1.00871e-001 
-1.57816e-001 
-5.88704e-002 
7.91147e-002 
1.66523e-002 
-1.33573e-001 
-2.16879e-001 
-1.44575e-001 
-8.16396e-002 
-7.11349e-002 
-7.23541e-002 
-1.56506e-002 
8.86668e-002 
1.37208e-001 
1.56109e-001 
1.53559e-001 
1.01300e-001 
3.37911e-002 
2.83491e-002 
1.84754e-002 
-2.68089e-002 
-5.59605e-002 
7.78565e-003 
6.45123e-002 
2.66173e-002 
-4.24068e-004 
2.14011e-002 
7.21603e-002 
1.08597e-001 
1.51124e-001 
1.32114e-001 
-8.27193e-002 
-1.95202e-001 
-1.40364e-001 
-8.83731e-002 
-6.98644e-002 
-1.43493e-003 
7.98337e-002 
1.01298e-001 
5.84322e-002 
-4.83289e-003 
-4.19736e-003 
5.20540e-002 
8.14669e-002 
8.22146e-002 
1.23100e-002 
-1.54641e-001 
-2.15247e-001 
-9.65587e-002 
4.19038e-002 
-8.95652e-002 
-2.43777e-001 
-2.66560e-001 
-2.64055e-001 
-1.56870e-001 
-4.54613e-002 
-3.94455e-002 
-7.73258e-002 
-1.19587e-001 
-1.33084e-001 
-1.30368e-001 
-1.17725e-001 
-1.23839e-001 
-1.60439e-001 
-1.90306e-001 
-1.95696e-001 
-1.79958e-001 
-1.71095e-001 
-1.76438e-001 
-1.78808e-001 
-1.66220e-001 
-1.32380e-001 
1.02673e-002 
1.17565e-001 
1.13539e-001 
5.51955e-002 
-3.32097e-002 
-1.00328e-001 
-1.35601e-001 
-1.23751e-001 
-2.91361e-002 
4.68473e-002 
4.52607e-002 
3.05473e-002 
2.01813e-002 
3.42519e-002 
6.30690e-002 
1.01961e-001 
1.17398e-001 
9.55340e-002 
6.48486e-002 
7.04821e-002 
9.80213e-002 
1.35014e-001 
1.62113e-001 
1.72059e-001 
1.68881e-001 
1.74521e-001 
1.81614e-001 
1.91513e-001 
1.44059e-001 
6.11399e-002 
6.93926e-002 
1.12266e-001 
1.56578e-001 
1.79292e-001 
1.72748e-001 
1.42675e-001 
1.11388e-001 
9.72130e-002 
9.95449e-002 
1.06913e-001 
9.50340e-002 
7.26316e-002 
5.64205e-002 
6.82032e-002 
9.49756e-002 
1.01963e-001 
9.54969e-002 
1.23228e-001 
1.53349e-001 
1.44633e-001 
1.19003e-001 
9.71301e-002 
1.04825e-001 
1.46427e-001 
2.04463e-001 
2.41619e-001 
2.44223e-001 
2.30134e-001 
2.34864e-001 
2.37173e-001 
2.27394e-001 
2.12866e-001 
2.11689e-001 
2.18602e-001 
2.09919e-001 
1.77260e-001 
9.43937e-002 
-2.67180e-002 
-1.91073e-001 
-2.63303e-001 
-2.52291e-001 
-1.98960e-001 
-1.48389e-001 
-1.31845e-001 
-1.23272e-001 
-1.50171e-001 
-1.96750e-001 
-2.59320e-001 
-3.10215e-001 
-3.43625e-001 
-3.56624e-001 
-3.49949e-001 
-3.40332e-001 
-3.33504e-001 
-3.08496e-001 
-2.50504e-001 
-1.93272e-001 
-1.66757e-001 
-1.55543e-001 
-1.41932e-001 
-1.13590e-001 
-4.99563e-002 
1.30231e-002 
2.34454e-002 
1.11635e-002 
-8.86891e-003 
-1.92645e-002 
-6.88189e-004 
3.03577e-002 
6.70944e-002 
8.04826e-002 
6.39295e-002 
-4.77187e-002 
-1.34647e-001 
-1.34320e-001 
-7.52614e-002 
1.22748e-002 
4.02134e-002 
4.24607e-002 
3.22890e-002 
4.20966e-002 
5.66361e-002 
8.08630e-002 
1.05718e-001 
1.28945e-001 
1.45103e-001 
1.46628e-001 
1.25679e-001 
7.88523e-002 
3.67006e-002 
1.47544e-002 
1.86726e-002 
4.93107e-002 
9.81136e-002 
1.40949e-001 
1.52535e-001 
1.12332e-001 
3.25555e-002 
-1.65923e-002 
-2.69922e-002 
-1.05050e-002 
3.03805e-002 
7.21681e-002 
9.15007e-002 
7.73386e-002 
4.66893e-002 
1.71657e-002 
2.58968e-003 
-7.94529e-003 
-1.76902e-002 
-1.34150e-002 
-1.38801e-002 
-2.77779e-002 
-4.87928e-002 
-5.13637e-002 
-2.64291e-002 
4.99701e-003 
2.71707e-002 
2.30237e-002 
-3.78107e-003 
-3.81315e-002 
-6.20950e-002 
-6.27186e-002 
-4.19496e-002 
-1.49701e-002 
4.65613e-003 
-8.59119e-003 
-3.39702e-002 
-5.31238e-002 
-4.86880e-002 
-1.93743e-002 
1.81990e-002 
4.96040e-002 
4.59155e-002 
1.21101e-002 
-2.51005e-002 
-5.06929e-002 
-5.28604e-002 
-4.01693e-002 
-4.12888e-002 
-5.81358e-002 
-6.63071e-002 
-6.32731e-002 
-5.58486e-002 
-3.83593e-002 
-1.56853e-002 
-4.62562e-003 
-2.30679e-002 
-4.89940e-002 
-6.18887e-002 
-5.90384e-002 
-5.95926e-002 
-6.80952e-002 
-8.18554e-002 
-8.54417e-002 
-6.02876e-002 
-2.75498e-002 
-9.85458e-003 
-1.37420e-002 
-1.70513e-002 
-8.76604e-003 
6.40222e-003 
1.79940e-002 
1.78266e-002 
1.43302e-002 
1.64214e-002 
2.35376e-002 
2.98790e-002 
3.18481e-002 
3.12070e-002 
3.09331e-002 
2.56824e-002 
1.76695e-002 
1.09412e-002 
6.66976e-003 
4.27561e-003 
2.01337e-003 
-1.53883e-003 
-6.57949e-003 
-1.08210e-002 
-1.37434e-002 
-1.25602e-002 
-8.24300e-003 
-4.65013e-003 
-2.41649e-003 
-1.44089e-003 
-6.54453e-004 
-0.00000e+000 
