0.00186583400000000
0.000242999700000000
0.000163178800000000
0.000120692100000000
7.67550900000000e-05
0.000111539400000000
0.000221787100000000
0.000304841600000000
0.000311845600000000
0.000302229400000000
0.000254190700000000
0.000212926600000000
0.000190565600000000
0.000132399700000000
0.000214565700000000
0.000303120700000000
0.000371632400000000
0.000243708400000000
9.49717300000000e-05
8.02333200000000e-05
7.96384700000000e-05
0.000174240400000000
0.000174509500000000
-0.000145007600000000
-6.12105900000000e-05
0.000284521000000000
0.000193129500000000
0.000197131300000000
0.000176784100000000
-9.79690400000000e-06
0.000148693400000000
0.000114706600000000
0.000362510500000000
0.000469469400000000
0.000208622100000000
0.000107362900000000
0.000570525200000000
0.000311150100000000
-0.000133095200000000
-4.92822300000000e-05
-7.79133400000000e-05
-2.60532000000000e-05
-0.000238264600000000
2.58871200000000e-05
-0.000505937600000000
-0.000955644800000000
0.000216574000000000
1.83113500000000e-05
-0.000125794800000000
-0.000932221300000000
-0.000383557400000000
-0.000834647900000000
-0.00102021800000000
0.000121224800000000
-0.000247054600000000
0.000637944400000000
-0.000637068600000000
-0.00131890800000000
-0.000740101200000000
-0.00132288500000000
-0.000532258400000000
0.00108665800000000
0.00193154000000000
-0.000311401000000000
-0.00171069100000000
-0.00257440300000000
-0.00186636500000000
0.000579442300000000
0.000579752000000000
0.000667625400000000
0.000241779900000000
-0.00163342300000000
-0.00291720000000000
-0.00163473000000000
0.000280485600000000
-0.000876238400000000
-0.00141500700000000
0.00149983000000000
0.00125427900000000
-0.000903191900000000
-0.000737661700000000
-0.00321230300000000
-0.00455065100000000
-0.00321106600000000
0.000217655300000000
0.00202305300000000
-0.000970442700000000
-0.00241299700000000
-0.00443130400000000
-0.00409083500000000
-0.00670259200000000
-0.00101211000000000
0.00139804200000000
0.00299661300000000
0.000625916800000000
-0.00128031600000000
-0.00115746700000000
0.00126423200000000
0.00297627900000000
0.000220618400000000
-0.00144911800000000
-0.000734998500000000
-0.000416457200000000
-0.00104459300000000
0.00213499100000000
0.00154472700000000
0.00166489200000000
0.00152927200000000
-0.00133983600000000
-9.56630400000000e-05
0.000800739400000000
0.000565356100000000
-0.00763182200000000
-0.00683798100000000
-0.00192609400000000
0.00594002500000000
0.00236120100000000
-0.00626275300000000
-0.00460905900000000
-0.00171057900000000
0.000485924500000000
-0.00432074300000000
-0.00826483600000000
-0.00597786200000000
0.00447643100000000
0.00515351700000000
-0.00144593700000000
0.00124750500000000
-0.00390083200000000
-0.000485948300000000
0.000541577500000000
0.00131189700000000
-0.00292436400000000
-0.000357932000000000
-0.00333046900000000
0.000800536700000000
-0.00494215400000000
-0.00203446700000000
0.00192196300000000
0.00802647700000000
0.00731279800000000
0.000889463500000000
-0.00468094400000000
-0.00657671600000000
-0.000651743400000000
0.00508033900000000
0.00106401100000000
-0.00461873300000000
-0.00228096300000000
-0.00129262600000000
-0.00577598400000000
-0.00108744800000000
0.000807799400000000
-0.00511316400000000
-0.0151748000000000
-0.0105619600000000
-0.000372670500000000
0.00321956600000000
0.00341806800000000
-0.00290545600000000
-0.0145808600000000
-0.0207609300000000
-0.00919192000000000
0.00460907300000000
0.00556746500000000
0.000672451300000000
-0.000902409000000000
-0.00558313700000000
-0.00349831300000000
-0.00274131700000000
-0.00613087300000000
0.00915787900000000
0.0155190600000000
0.0248538500000000
0.0227218300000000
0.0149457400000000
-0.0102291700000000
-0.0188457400000000
-0.0137396100000000
-0.0245344800000000
-0.0250970400000000
-0.0289531400000000
-0.0267749900000000
-0.00476544600000000
0.00627428700000000
-0.00704284400000000
-0.0199832200000000
-0.0284341300000000
-0.0371840700000000
-0.0177690700000000
0.0110210600000000
0.0471788700000000
0.0628339500000000
0.0554583100000000
0.0115019100000000
-0.0208800400000000
-0.0595833200000000
-0.0581064000000000
0.000894391500000000
0.0418290700000000
0.0518054100000000
0.0435475600000000
0.0443899300000000
0.0298655400000000
-0.00149799200000000
-0.00413100600000000
-0.00236161300000000
-0.0143365600000000
-0.00962683800000000
0.0152317000000000
0.0287751700000000
0.0426674500000000
0.0623996600000000
0.0564357200000000
0.0290168200000000
0.0116159800000000
0.00144237300000000
-0.0157217700000000
-0.0247933900000000
-0.0279946000000000
-0.0405770900000000
-0.0398409700000000
-0.0487027600000000
-0.0604615400000000
-0.0481625000000000
-0.0233740000000000
0.00298190600000000
0.0108956600000000
-0.00756562600000000
-0.00446403100000000
-0.00909629700000000
-0.0180869000000000
-0.0200227200000000
-0.0109736700000000
-0.00857526200000000
0.0257243200000000
0.0531419600000000
0.0721137300000000
0.0900717400000000
0.109515800000000
0.115439800000000
0.0491095700000000
-0.0222486800000000
-0.0436039000000000
-0.0436159900000000
-0.0186201000000000
-0.0122556400000000
-0.0321558900000000
-0.0520681600000000
-0.0627606900000000
-0.0464139500000000
0.0197801600000000
0.0668180400000000
0.0495741300000000
0.0256519700000000
-0.0239137000000000
-0.0460368400000000
-0.0490099700000000
-0.0401470600000000
-0.0287675500000000
-5.85406200000000e-05
0.0354613200000000
0.0649845600000000
0.0837262200000000
0.0957329400000000
0.0983555900000000
0.0777595600000000
0.0338134300000000
0.0205901600000000
-0.00537793100000000
-0.0532877100000000
-0.0400926100000000
-0.0200050300000000
-0.0270714300000000
-0.0560533000000000
-0.0595792000000000
-0.0419400700000000
-0.0360157000000000
-0.00338015400000000
0.0394270900000000
0.0578083500000000
0.0692079900000000
0.0709142500000000
0.0429510300000000
0.0316017900000000
0.0415890300000000
0.0424685800000000
0.0433517000000000
0.0639365500000000
0.0720130800000000
0.0497859300000000
0.00733621500000000
-0.0285921800000000
-0.0327940000000000
-0.0424240600000000
-0.0435155500000000
-0.0743491300000000
-0.127046700000000
-0.123931300000000
-0.0895020600000000
-0.0417546300000000
-0.0131679000000000
-0.0209955800000000
-0.0336587400000000
0.0167117600000000
0.0822527300000000
0.111898000000000
0.0783047800000000
-0.00868451600000000
-0.0624274100000000
-0.0954428600000000
-0.0923309100000000
-0.0524991600000000
-0.00811671800000000
0.0204580500000000
0.0541739000000000
0.0874714600000000
0.0991168000000000
0.0800473800000000
0.0860406100000000
0.123648900000000
0.131147800000000
0.0594060500000000
-0.000985499100000000
-0.0344049200000000
-0.0168668000000000
-0.00747468700000000
-0.0459765900000000
-0.107606900000000
-0.155415000000000
-0.184856100000000
-0.188497200000000
-0.140782100000000
-0.0802745600000000
-0.0458990700000000
-0.0179953400000000
-0.00532609300000000
0.00914501700000000
0.0254096300000000
0.0730147400000000
0.143861200000000
0.156147500000000
0.110493000000000
0.0473001400000000
0.0143241200000000
0.0167328000000000
0.0135318700000000
-0.0260183900000000
-0.0246155600000000
-0.00538353000000000
0.0109100600000000
0.0215325600000000
0.0312251700000000
0.0119018000000000
-0.0123363000000000
-0.00895866400000000
-0.0249961700000000
-0.0502275500000000
-0.0603656400000000
-0.0513662900000000
-0.0230099600000000
-0.0145348000000000
-0.0157563700000000
-0.0112218900000000
-0.00457584300000000
-0.0296696100000000
-0.0414529400000000
-0.0406275600000000
-0.00518982300000000
0.0501589100000000
0.0639472500000000
0.0349850200000000
-0.0143328600000000
-0.0531911000000000
-0.0691816400000000
-0.0751369100000000
-0.0569867400000000
0.00190553000000000
0.00967835400000000
-0.0133146200000000
-0.0385969600000000
-0.0554365700000000
-0.0574958300000000
-0.0396681100000000
-0.0161658400000000
0.00690607100000000
0.00704794700000000
-0.00326860100000000
-0.00144422500000000
0.0198639700000000
0.0586340100000000
0.0818298300000000
0.0759994700000000
0.0468697000000000
0.0249858900000000
-0.00803186000000000
-0.0245683100000000
-0.0201940400000000
-0.0141351800000000
0.000512705300000000
0.0291895400000000
0.0538125100000000
0.0562364400000000
0.0437413900000000
0.0295187700000000
0.0117861200000000
0.00985883600000000
0.0207695300000000
0.0295036700000000
0.0427038700000000
0.0612512700000000
0.0646178000000000
0.0288901600000000
-0.0247471900000000
-0.0705612500000000
-0.0900577600000000
-0.0725590000000000
-0.0524473700000000
-0.0288260600000000
-0.00361201300000000
-0.0130066400000000
-0.0236543700000000
-0.0139426000000000
-0.0170711200000000
-0.0302390900000000
-0.0310072200000000
-0.0107437000000000
0.00100410700000000
-0.00417400900000000
0.00898948900000000
0.0475452800000000
0.0489258800000000
0.0318884500000000
0.0289506900000000
0.0307957700000000
0.0184394800000000
0.00331319700000000
0.00397570900000000
-0.00891022300000000
-0.0162042200000000
-0.00575360900000000
-0.0152535800000000
-0.0542709200000000
-0.0923092400000000
-0.101400400000000
-0.0839478000000000
-0.0498874200000000
-0.0108435900000000
-0.0142011600000000
-0.0254713500000000
-0.0184929500000000
-0.00193497900000000
0.0191636400000000
0.0434661300000000
0.0656292500000000
0.0640128800000000
0.0459626800000000
0.0387712200000000
0.0365087700000000
0.0128029500000000
0.00754493600000000
0.0107105700000000
0.0176489800000000
0.0258419600000000
0.0266888000000000
0.00412465200000000
-0.0577824900000000
-0.0762797700000000
-0.0834983500000000
-0.0777204100000000
-0.0580698400000000
-0.0457432600000000
-0.0371373800000000
-0.00580679600000000
0.0116635800000000
0.0318198100000000
0.0515467100000000
0.0418692600000000
0.0182587900000000
0.00929628100000000
0.00104253100000000
-0.0121314900000000
-0.0206911700000000
0.000560425300000000
0.0333275500000000
0.0515755100000000
0.0382979300000000
-0.000405446600000000
-0.0219464300000000
-0.0398079100000000
-0.0606794200000000
-0.0913502100000000
-0.0955896500000000
-0.0690786100000000
-0.0338602600000000
0.000191923700000000
0.0445358100000000
0.0574393500000000
0.0515864800000000
0.0529416300000000
0.0475269700000000
0.0463466400000000
0.0669814700000000
0.0668407600000000
0.0443375000000000
0.0276049100000000
0.0315805400000000
0.0277975500000000
0.00331919500000000
-0.0109657700000000
0.00529391100000000
0.0337312200000000
0.0357542700000000
0.0174582200000000
0.000697246900000000
-0.00454460400000000
-0.0456508500000000
-0.0989147900000000
-0.120934000000000
-0.128295200000000
-0.131051300000000
-0.0907721400000000
0.0177719400000000
0.0897502000000000
0.118841200000000
0.125801800000000
0.131291100000000
0.110334400000000
0.0723059600000000
0.0558127000000000
0.0407054300000000
0.0213003500000000
-0.000295207300000000
-0.0255087500000000
-0.0439261400000000
-0.0573699400000000
-0.0637961200000000
-0.0695234500000000
-0.0527840800000000
-0.0392142500000000
-0.0421884900000000
-0.0463420200000000
-0.0482597300000000
-0.0658709600000000
-0.0816858400000000
-0.0681635400000000
-0.0527842200000000
-0.0310234400000000
0.00173027700000000
0.0317698300000000
0.0509436100000000
0.0612469400000000
0.0362067300000000
0.0218381600000000
0.0431881300000000
0.0578484000000000
0.0618248700000000
0.0509554900000000
0.0324096200000000
0.0440378400000000
0.0492685300000000
0.0442287400000000
0.0276861300000000
-0.00550851800000000
-0.0230238000000000
-0.00124568100000000
0.0267947700000000
0.0480580700000000
0.0651327500000000
0.0425316300000000
0.00980242600000000
0.00453493000000000
0.0272122100000000
0.0224442600000000
0.00520504800000000
0.00747063200000000
0.0194141000000000
0.00690012300000000
-0.0216060900000000
-0.0447805300000000
-0.0448131700000000
-0.0315506200000000
0.00205359900000000
0.0244852700000000
0.0265269800000000
-0.00485754700000000
-0.0179898800000000
-0.0164872400000000
-0.0134514900000000
-0.0143462800000000
-0.0105033800000000
0.0172755800000000
0.0330364900000000
0.0231588500000000
0.00292392400000000
-0.0222121900000000
-0.0301204000000000
-0.0412225500000000
-0.0574596200000000
-0.0502671200000000
-0.0293301800000000
-0.00803276800000000
0.0115777500000000
0.0296068400000000
0.0432977400000000
0.0524063400000000
0.0434631900000000
0.0193862800000000
0.00262564000000000
0.00134758100000000
0.00167360900000000
-0.0116942000000000
-0.0384884100000000
-0.0458026000000000
-0.0243674900000000
-0.0137149400000000
0.00972693400000000
0.0321412800000000
0.0254539500000000
0.0124792500000000
0.0166307500000000
0.0250478300000000
0.0276928400000000
0.0206084100000000
-0.00921750300000000
-0.0388367900000000
-0.0343794800000000
-0.0326876200000000
-0.0475619200000000
-0.0660124400000000
-0.0619650900000000
-0.0310636300000000
-0.0225312900000000
-0.0249034100000000
-0.0265856300000000
-0.0158444400000000
-0.00704165600000000
-0.00106366800000000
-0.0101931700000000
-0.0253732100000000
-0.0317375400000000
-0.0239485100000000
-0.00920492100000000
-0.00940120000000000
-0.0101135500000000
-0.00167390900000000
0.0148333400000000
0.0348772300000000
0.0524556200000000
0.0620135300000000
0.0600490600000000
0.0350429700000000
-0.00311847000000000
-0.0207846300000000
-0.0199073100000000
-0.00138381700000000
0.00779720500000000
0.00269130400000000
-0.0218990400000000
-0.0324690400000000
-0.0130474600000000
-0.00761652100000000
-0.0182073200000000
-0.0174851400000000
-0.0119433400000000
-0.0192385400000000
-0.0102534200000000
0.0155201700000000
0.0298153100000000
0.0253974200000000
0.0185272500000000
0.00734423200000000
0.00215560100000000
0.0105986500000000
0.00929718200000000
0.00362310900000000
0.00429977300000000
0.00716423300000000
0.00837601200000000
0.00611288600000000
0.000835119800000000
-0.00137278400000000
-0.00400290000000000
-5.75158000000000e-05
0.00247779800000000
0.00265624400000000
0.00154940300000000
0.00101179000000000
-0.000639205400000000
-0.00276579100000000
-0.00187964600000000
-0.000496539200000000
0.00214858600000000
0.00394751300000000
0.00534570400000000
0.00357804100000000
0.00176124200000000
0.00115699300000000
0.00131938300000000
0.000780950800000000
