UNITS: KN-m-sec
STRUCTURE DATA BLOCK
NN  NE  NM NDIM  NEN  NDN   ND   NSLAVED
23  35   1    2    2    3   15     16
NODAL COORDINATE DATA BLOCK
NODE     X       Y          UX              UY         THETA
 1       0       8.4         1              2             3
 2     9.1       8.4         1              4             5
 3   13.65       8.4         6              7             8
 4   13.65       8.4         1              7             9
 5    18.2       8.4         1             10            11
 6   22.75       8.4        12             13            14
 7   22.75       8.4         1             13            15
 8    27.3       8.4         1             16            17
 9    36.4       8.4         1             18            19
10       0       4.6        20             21            22
11     9.1       4.6        20             23            24 
12   13.65       4.6        25             26            27
13   13.65       4.6        20             26            28
14    18.2       4.6        20             29            30
15   22.75       4.6        31             32            33
16   22.75       4.6        20             32            34
17    27.3       4.6        20             35            36
18    36.4       4.6        20             37            38
19       0       0          39             40            41
20     9.1       0          42             43            44
21    18.2       0          45             46            47
22    27.3       0          48             49            50
23    36.4       0          51             52            53
MATERIAL DATA BLOCK     
MATERIAL   E  
 1         200000000.0
ELEMENT TYPE AND CONNECTIVITY DATA BLOCK
ELEM     TYPE   NODE1   NODE2   {ELEMENT PROPERTIES}
 1         3      1       2         1       7.61e-3       2.55e-4         0.586           0.03     3.64e-3      0.3     442.878   2624.32
 2         3      2       4         1       7.61e-3       2.55e-4         0.586           0.03     3.64e-3      0.3     442.878   2624.32
 3         2      3       4         5700
 4         3      4       5         1       7.61e-3       2.55e-4         0.586           0.03     3.64e-3      0.3     442.878   2624.32
 5         3      5       7         1       7.61e-3       2.55e-4         0.586           0.03     3.64e-3      0.3     442.878   2624.32
 6         2      6       7         5700
 7         3      7       8         1       7.61e-3       2.55e-4         0.586           0.03     3.64e-3      0.3     442.878   2624.32
 8         3      8       9         1       7.61e-3       2.55e-4         0.586           0.03     3.64e-3      0.3     442.878   2624.32
 9         3     10       1         1       2.28e-2       4.45e-4         0               0.03     6.00e-3      0.3     1050.70   7851.11
10         3     11       2         1       2.28e-2       4.45e-4         0               0.03     6.00e-3      0.3     1050.70   7851.11
11         1     11       3         1       3.10e-3          1e-2         0.001           
12         1     14       3         1       3.10e-3          1e-2         0.001           
13         3     14       5         1       2.28e-2       4.45e-4         0.0             0.03     6.00e-3      0.3     1050.70   7851.11
14         1     14       6         1       3.10e-3          1e-2         0.001           
15         1     17       6         1       3.10e-3          1e-2         0.001           
16         3     17       8         1       2.28e-2       4.45e-4         0               0.03     6.00e-3      0.3     1050.70   7851.11
17         3     18       9         1       2.28e-3       4.45e-4         0               0.03     6.00e-3      0.3     1050.70   7851.11
18         3     10      11         1       1.05e-2       5.62e-4         0.8085          0.03     6.01e-3      0.3     756.960   3602.88
19         3     11      13         1       1.05e-2       5.62e-4         0.8085          0.03     6.01e-3      0.3     756.960   3602.88
20         2     12      13         8550
21         3     13      14         1       1.05e-2       5.62e-4         0.8085          0.03     6.01e-3      0.3     756.960   3602.88
22         3     14      16         1       1.05e-2       5.62e-4         0.8085          0.03     6.01e-3      0.3     756.960   3602.88
23         2     15      16         8550
24         3     16      17         1       1.05e-2       5.62e-4         0.8085          0.03     6.01e-3      0.3     756.960   3602.88
25         3     17      18         1       1.05e-2       5.62e-4         0.8085          0.03     6.01e-3      0.3     756.960   3602.88
26         3     19      10         1       2.28e-2       4.45e-4         0               0.03     6.00e-3      0.3     1050.70   7851.11
27         3     20      11         1       2.28e-2       4.45e-4         0               0.03     6.00e-3      0.3     1050.70   7851.11
28         1     20      12         1       5.83e-3          1e-2         0.001           
29         1     21      12         1       5.83e-3          1e-2         0.001           
30         3     21      14         1       2.28e-2       4.45e-4         0               0.03     6.00e-3      0.3     1050.70   7851.11
31         1     21      15         1       5.83e-3          1e-2         0.001           
32         1     22      15         1       5.83e-3          1e-2         0.001           
33         3     22      17         1       2.28e-2       4.45e-4         0               0.03     6.00e-3      0.3     1050.70   7851.11
34         3     23      18         1       2.28e-2       4.45e-4         0               0.03     6.00e-3      0.3     1050.70   7851.11
35         4     18       9         7009          -4630.2         -4630.2      1982.34         805         578
HYBRID TESTING DATA BLOCK
T1      T2      KSI   SF  DT
1.13   0.41    0.02   1   0.009765625
--------END OF CONFIGURATION------------------

ELEMENT LIBRARY AND ELEMENT DATA
type1: elastic beam column element
type2: experimental link element with initial stiffness
type3: hinge (concentrated plasticity) beam column element (drain2dx type 2)
type4: 2 story gravity column 