0
-0.0191854
-0.0395888
-0.0607171
-0.0820632
-0.103112
-0.123349
-0.142263
-0.159355
-0.174146
-0.186178
-0.195026
-0.2003
-0.20165
-0.198774
-0.191417
-0.179382
-0.162525
-0.140764
-0.114078
-0.0825101
-0.0461655
-0.0052135
0.0401137
0.0895229
0.142662
0.199121
0.258439
0.320106
0.383567
0.448227
0.51346
0.578612
0.643005
0.705951
0.766752
0.824709
0.879133
0.929345
0.97469
1.01454
1.0483
1.07543
1.09541
1.1078
1.11221
1.1083
1.09583
1.0746
1.0445
1.00549
0.957614
0.900996
0.835835
0.762412
0.681082
0.592278
0.496504
0.394334
0.286404
0.173412
0.0561081
-0.0647089
-0.188199
-0.313489
-0.439676
-0.565841
-0.691051
-0.814373
-0.934874
-1.05164
-1.16377
-1.2704
-1.37069
-1.46387
-1.54919
-1.62598
-1.69361
-1.75155
-1.79933
-1.83654
-1.86288
-1.87813
-1.88213
-1.87485
-1.85632
-1.82666
-1.78609
-1.73491
-1.6735
-1.60232
-1.52192
-1.43289
-1.33592
-1.23173
-1.12113
-1.00493
-0.884012
-0.759283
-0.631668
-0.502111
-0.371561
-0.240967
-0.111272
0.0166033
0.14176
0.263331
0.380492
0.492463
0.598516
0.697985
0.790264
0.874818
0.951184
1.01897
1.07788
1.12767
1.16819
1.19939
1.22126
1.23391
1.2375
1.23229
1.21857
1.19674
1.16725
1.13059
1.08732
1.03803
0.983377
0.924019
0.860657
0.794004
0.724785
0.65373
0.581561
0.508994
0.436724
0.365421
0.295727
0.228245
0.163536
0.102114
0.0444401
-0.00907869
-0.058095
-0.102323
-0.141539
-0.175587
-0.204372
-0.227866
-0.246106
-0.259189
-0.267274
-0.270577
-0.269366
-0.263963
-0.25473
-0.242074
-0.226435
-0.208281
-0.188105
-0.166416
-0.143733
-0.120581
-0.0974801
-0.0749424
-0.0534645
-0.0335217
-0.0155619
