0	   
2.35377E-06	   
9.38607E-06	   
2.10101E-05	   
3.70820E-05	   
5.74025E-05	   
8.17183E-05	   
1.09725E-04	   
1.41068E-04	   
1.75351E-04	   
2.12132E-04	   
2.50934E-04	   
2.91246E-04	   
3.32530E-04	   
3.74223E-04	   
4.15746E-04	   
4.56507E-04	   
4.95909E-04	   
5.33352E-04	   
5.68243E-04	   
6.00000E-04	   
6.28058E-04	   
6.51874E-04	   
6.70935E-04	   
6.84761E-04	   
6.92910E-04	   
6.94985E-04	   
6.90639E-04	   
6.79574E-04	   
6.61553E-04	   
6.36396E-04	   
6.03987E-04	   
5.64274E-04	   
5.17274E-04	   
4.63070E-04	   
4.01818E-04	   
3.33738E-04	   
2.59124E-04	   
1.78335E-04	   
9.17971E-05	   
1.47018E-19	   
-9.65047E-05	   
-1.97107E-04	   
-3.01145E-04	   
-4.07902E-04	   
-5.16623E-04	   
-6.26507E-04	   
-7.36723E-04	   
-8.46411E-04	   
-9.54689E-04	   
-1.06066E-03	   
-1.16342E-03	   
-1.26207E-03	   
-1.35570E-03	   
-1.44343E-03	   
-1.52440E-03	   
-1.59777E-03	   
-1.66275E-03	   
-1.71858E-03	   
-1.76454E-03	   
-1.80000E-03	   
-1.82436E-03	   
-1.83710E-03	   
-1.83778E-03	   
-1.82603E-03	   
-1.80157E-03	   
-1.76419E-03	   
-1.71381E-03	   
-1.65039E-03	   
-1.57404E-03	   
-1.48492E-03	   
-1.38332E-03	   
-1.26962E-03	   
-1.14427E-03	   
-1.00786E-03	   
-8.61038E-04	   
-7.04559E-04	   
-5.39259E-04	   
-3.66057E-04	   
-1.85948E-04	   
-5.88071E-19	   
1.90656E-04	   
3.84829E-04	   
5.81279E-04	   
7.78723E-04	   
9.75843E-04	   
1.17130E-03	   
1.36372E-03	   
1.55175E-03	   
1.73403E-03	   
1.90919E-03	   
2.07591E-03	   
2.23289E-03	   
2.37887E-03	   
2.51264E-03	   
2.63306E-03	   
2.73904E-03	   
2.82960E-03	   
2.90380E-03	   
2.96084E-03	   
3.00000E-03	   
3.02066E-03	   
3.02233E-03	   
3.00462E-03	   
2.96730E-03	   
2.91022E-03	   
2.83340E-03	   
2.73697E-03	   
2.62122E-03	   
2.48653E-03	   
2.33345E-03	   
2.16266E-03	   
1.97496E-03	    
1.77127E-03	   
1.55265E-03	   
1.32026E-03	   
1.07538E-03	   
8.19393E-04	   
5.53778E-04	   
2.80099E-04	   
1.32316E-18	   
-2.84807E-04	   
-5.72550E-04	   
-8.61413E-04	   
-1.14954E-03	   
-1.43506E-03	   
-1.71608E-03	   
-1.99072E-03	   
-2.25710E-03	   
-2.51336E-03	   
-2.75772E-03	   
-2.98840E-03	   
-3.20371E-03	   
-3.40203E-03	   
-3.58185E-03	   
-3.74171E-03	   
-3.88031E-03	   
-3.99644E-03	   
-4.08903E-03	   
-4.15715E-03	   
-4.20000E-03	   
-4.21696E-03	   
-4.20755E-03	   
-4.17147E-03	   
-4.10856E-03	   
-4.01888E-03	   
-3.90261E-03	   
-3.76014E-03	   
-3.59204E-03	   
-3.39901E-03	   
-3.18198E-03	   
-2.94200E-03	   
-2.68030E-03	   
-2.39827E-03	   
-2.09744E-03	   
-1.77948E-03	   
-1.44620E-03	   
-1.09953E-03	   
-7.41499E-04	   
-3.74250E-04	   
-2.35229E-18	   
3.78957E-04	   
7.60272E-04	   
1.14155E-03	   
1.52036E-03	   
1.89428E-03	   
2.26087E-03	   
2.61772E-03	   
2.96244E-03	   
3.29270E-03	   
3.60624E-03	   
3.90088E-03	   
4.17453E-03	   
4.42520E-03	   
4.65105E-03	   
4.85037E-03	   
5.02158E-03	   
5.16328E-03	   
5.27426E-03	   
5.35345E-03	   
5.40000E-03	   
5.41326E-03	   
5.39278E-03	   
5.33831E-03	   
5.24983E-03	   
5.12753E-03	   
4.97182E-03	   
4.78331E-03	   
4.56286E-03	   
4.31150E-03	   
4.03051E-03	   
3.72134E-03	   
3.38564E-03	   
3.02527E-03	   
2.64222E-03	   
2.23870E-03	   
1.81702E-03	   
1.37966E-03	   
9.29221E-04	   
4.68401E-04	   
3.67545E-18	   
-4.73108E-04	   
-9.47993E-04	   
-1.42168E-03	   
-1.89118E-03	   
-2.35350E-03	   
-2.80566E-03	   
-3.24472E-03	   
-3.66778E-03	   
-4.07204E-03	   
-4.45477E-03	   
-4.81337E-03	   
-5.14535E-03	   
-5.44837E-03	   
-5.72026E-03	   
-5.95902E-03	   
-6.16285E-03	   
-6.33013E-03	   
-6.45948E-03	   
-6.54975E-03	   
-6.60000E-03	   
-6.60956E-03	   
-6.57800E-03	   
-6.50515E-03	   
-6.39110E-03	   
-6.23619E-03	   
-6.04102E-03	   
-5.80648E-03	   
-5.53368E-03	   
-5.22399E-03	   
-4.87904E-03	   
-4.50067E-03	   
-4.09099E-03	   
-3.65226E-03	   
-3.18701E-03	   
-2.69792E-03	   
-2.18784E-03	   
-1.65980E-03	   
-1.11694E-03	   
-5.62552E-04	   
-5.29264E-18	   
5.67259E-04	   
1.13571E-03	   
1.70182E-03	   
2.26200E-03	   
2.81272E-03	   
3.35045E-03	   
3.87171E-03	   
4.37312E-03	   
4.85138E-03	   
5.30330E-03	   
5.72586E-03	   
6.11617E-03	   
6.47154E-03	   
6.78947E-03	   
7.06768E-03	   
7.30411E-03	   
7.49697E-03	   
7.64471E-03	   
7.74605E-03	   
7.80000E-03	   
7.80586E-03	   
7.76323E-03	   
7.67200E-03	   
7.53237E-03	   
7.34484E-03	   
7.11023E-03	   
6.82965E-03	   
6.50450E-03	   
6.13648E-03	   
5.72756E-03	   
5.28001E-03	   
4.79633E-03	   
4.27926E-03	   
3.73180E-03	   
3.15714E-03	   
2.55866E-03	   
1.93993E-03	   
1.30466E-03	   
6.56703E-04	   
7.20387E-18	   
-6.61410E-04	   
-1.32344E-03	   
-1.98195E-03	   
-2.63282E-03	   
-3.27194E-03	   
-3.89524E-03	   
-4.49871E-03	   
-5.07846E-03	   
-5.63071E-03	   
-6.15183E-03	   
-6.63834E-03	   
-7.08699E-03	   
-7.49471E-03	   
-7.85868E-03	   
-8.17633E-03	   
-8.44538E-03	   
-8.66382E-03	   
-8.82993E-03	   
-8.94235E-03	   
-9.00000E-03	   
-9.00216E-03	   
-8.94846E-03	   
-8.83884E-03	   
-8.67364E-03	   
-8.45350E-03	   
-8.17944E-03	   
-7.85282E-03	   
-7.47532E-03	   
-7.04896E-03	   
-6.57609E-03	   
-6.05935E-03	   
-5.50167E-03	   
-4.90626E-03	   
-4.27659E-03	   
-3.61636E-03	   
-2.92948E-03	   
-2.22007E-03	   
-1.49238E-03	   
-7.50854E-04	   
-9.40914E-18	   
7.55561E-04	   
1.51116E-03	   
2.26209E-03	   
3.00365E-03	   
3.73116E-03	   
4.44003E-03	   
5.12571E-03	   
5.78381E-03	   
6.41005E-03	   
7.00036E-03	   
7.55083E-03	   
8.05781E-03	   
8.51788E-03	   
8.92789E-03	   
9.28499E-03	   
9.58665E-03	   
9.83066E-03	   
1.00152E-02	   
1.01386E-02	   
1.02000E-02	   
1.01985E-02	   
1.01337E-02	   
1.00057E-02	   
9.81490E-03	   
9.56215E-03	   
9.24865E-03	   
8.87598E-03	   
8.44614E-03	   
7.96145E-03	   
7.42462E-03	   
6.83869E-03	   
6.20701E-03	   
5.53326E-03	   
4.82138E-03	   
4.07558E-03	   
3.30030E-03	   
2.50020E-03	   
1.68011E-03	   
8.45004E-04	   
1.19084E-17	   
-8.49712E-04	   
-1.69888E-03	   
-2.54222E-03	   
-3.37447E-03	   
-4.19038E-03	   
-4.98482E-03	   
-5.75271E-03	   
-6.48915E-03	   
-7.18939E-03	   
-7.84889E-03	   
-8.46332E-03	   
-9.02863E-03	   
-9.54104E-03	   
-9.99709E-03	   
-1.03936E-02	   
-1.07279E-02	   
-1.09975E-02	   
-1.12004E-02	   
-1.13350E-02	   
-1.14000E-02	   
-1.13948E-02	   
-1.13189E-02	   
-1.11725E-02	   
-1.09562E-02	   
-1.06708E-02	   
-1.03179E-02	   
-9.89915E-03	   
-9.41696E-03	   
-8.87394E-03	   
-8.27315E-03	   
-7.61803E-03	   
-6.91235E-03	   
-6.16026E-03	   
-5.36617E-03	   
-4.53480E-03	   
-3.67112E-03	   
-2.78033E-03	   
-1.86783E-03	   
-9.39155E-04	   
-1.47018E-17	   
9.39155E-04	   
1.86783E-03	   
2.78033E-03	   
3.67112E-03	   
4.53480E-03	   
5.36617E-03	   
6.16026E-03	   
6.91235E-03	   
7.61803E-03	   
8.27315E-03	   
8.87394E-03	   
9.41696E-03	   
9.89915E-03	   
1.03179E-02	   
1.06708E-02	   
1.09562E-02	   
1.11725E-02	   
1.13189E-02	   
1.13948E-02	   
1.14000E-02	   
1.13350E-02	   
1.12004E-02	   
1.09975E-02	   
1.07279E-02	   
1.03936E-02	   
9.99709E-03	   
9.54104E-03	   
9.02863E-03	   
8.46332E-03	   
7.84889E-03	   
7.18939E-03	   
6.48915E-03	   
5.75271E-03	   
4.98482E-03	   
4.19038E-03	   
3.37447E-03	   
2.54222E-03	   
1.69888E-03	   
8.49712E-04	   
8.97049E-16	   
-8.45004E-04	   
-1.68011E-03	   
-2.50020E-03	   
-3.30030E-03	   
-4.07558E-03	   
-4.82138E-03	   
-5.53326E-03	   
-6.20701E-03	   
-6.83869E-03	   
-7.42462E-03	   
-7.96145E-03	   
-8.44614E-03	   
-8.87598E-03	   
-9.24865E-03	   
-9.56215E-03	   
-9.81490E-03	   
-1.00057E-02	   
-1.01337E-02	   
-1.01985E-02	   
-1.02000E-02	   
-1.01386E-02	   
-1.00152E-02	   
-9.83066E-03	   
-9.58665E-03	   
-9.28499E-03	   
-8.92789E-03	   
-8.51788E-03	   
-8.05781E-03	   
-7.55083E-03	   
-7.00036E-03	   
-6.41005E-03	   
-5.78381E-03	   
-5.12571E-03	   
-4.44003E-03	   
-3.73116E-03	   
-3.00365E-03	   
-2.26209E-03	   
-1.51116E-03	   
-7.55561E-04	   
-1.17372E-15	   
7.50854E-04	   
1.49238E-03	   
2.22007E-03	   
2.92948E-03	   
3.61636E-03	   
4.27659E-03	   
4.90626E-03	   
5.50167E-03	   
6.05935E-03	   
6.57609E-03	   
7.04896E-03	   
7.47532E-03	   
7.85282E-03	   
8.17944E-03	   
8.45350E-03	   
8.67364E-03	   
8.83884E-03	   
8.94846E-03	   
9.00216E-03	   
9.00000E-03	   
8.94235E-03	   
8.82993E-03	   
8.66382E-03	   
8.44538E-03	   
8.17633E-03	   
7.85868E-03	   
7.49471E-03	   
7.08699E-03	   
6.63834E-03	   
6.15183E-03	   
5.63071E-03	   
5.07846E-03	   
4.49871E-03	   
3.89524E-03	   
3.27194E-03	   
2.63282E-03	   
1.98195E-03	   
1.32344E-03	   
6.61410E-04	   
-1.64642E-17	   
-6.56703E-04	   
-1.30466E-03	   
-1.93993E-03	   
-2.55866E-03	   
-3.15714E-03	   
-3.73180E-03	   
-4.27926E-03	   
-4.79633E-03	   
-5.28001E-03	   
-5.72756E-03	   
-6.13648E-03	   
-6.50450E-03	   
-6.82965E-03	   
-7.11023E-03	   
-7.34484E-03	   
-7.53237E-03	   
-7.67200E-03	   
-7.76323E-03	   
-7.80586E-03	   
-7.80000E-03	   
-7.74605E-03	   
-7.64471E-03	   
-7.49697E-03	   
-7.30411E-03	   
-7.06768E-03	   
-6.78947E-03	   
-6.47154E-03	   
-6.11617E-03	   
-5.72586E-03	   
-5.30330E-03	   
-4.85138E-03	   
-4.37312E-03	   
-3.87171E-03	   
-3.35045E-03	   
-2.81272E-03	   
-2.26200E-03	   
-1.70182E-03	   
-1.13571E-03	   
-5.67259E-04	   
-2.82610E-15	   
5.62552E-04	   
1.11694E-03	   
1.65980E-03	   
2.18784E-03	   
2.69792E-03	   
3.18701E-03	   
3.65226E-03	   
4.09099E-03	   
4.50067E-03	   
4.87904E-03	   
5.22399E-03	   
5.53368E-03	   
5.80648E-03	   
6.04102E-03	   
6.23619E-03	   
6.39110E-03	   
6.50515E-03	   
6.57800E-03	   
6.60956E-03	   
6.60000E-03	   
6.54975E-03	   
6.45948E-03	   
6.33013E-03	   
6.16285E-03	   
5.95902E-03	   
5.72026E-03	   
5.44837E-03	   
5.14535E-03	   
4.81337E-03	   
4.45477E-03	   
4.07204E-03	   
3.66778E-03	   
3.24472E-03	   
2.80566E-03	   
2.35350E-03	   
1.89118E-03	   
1.42168E-03	   
9.47993E-04	   
4.73108E-04	   
2.33450E-15	   
-4.68401E-04	   
-9.29221E-04	   
-1.37966E-03	   
-1.81702E-03	   
-2.23870E-03	   
-2.64222E-03	   
-3.02527E-03	   
-3.38564E-03	   
-3.72134E-03	   
-4.03051E-03	   
-4.31150E-03	   
-4.56286E-03	   
-4.78331E-03	   
-4.97182E-03	   
-5.12753E-03	   
-5.24983E-03	   
-5.33831E-03	   
-5.39278E-03	   
-5.41326E-03	   
-5.40000E-03	   
-5.35345E-03	   
-5.27426E-03	   
-5.16328E-03	   
-5.02158E-03	   
-4.85037E-03	   
-4.65105E-03	   
-4.42520E-03	   
-4.17453E-03	   
-3.90088E-03	   
-3.60624E-03	   
-3.29270E-03	   
-2.96244E-03	   
-2.61772E-03	   
-2.26087E-03	   
-1.89428E-03	   
-1.52036E-03	   
-1.14155E-03	   
-7.60272E-04	   
-3.78957E-04	   
-1.91935E-15	   
3.74250E-04	   
7.41499E-04	   
1.09953E-03	   
1.44620E-03	   
1.77948E-03	   
2.09744E-03	   
2.39827E-03	   
2.68030E-03	   
2.94200E-03	   
3.18198E-03	   
3.39901E-03	   
3.59204E-03	   
3.76014E-03	   
3.90261E-03	   
4.01888E-03	   
4.10856E-03	   
4.17147E-03	   
4.20755E-03	   
4.21696E-03	   
4.20000E-03	   
4.15715E-03	   
4.08903E-03	   
3.99644E-03	   
3.88031E-03	   
3.74171E-03	   
3.58185E-03	   
3.40203E-03	   
3.20371E-03	   
2.98840E-03	   
2.75772E-03	   
2.51336E-03	   
2.25710E-03	   
1.99072E-03	   
1.71608E-03	   
1.43506E-03	   
1.14954E-03	   
8.61413E-04	   
5.72550E-04	   
2.84807E-04	   
1.42716E-15	   
-2.80099E-04	   
-5.53778E-04	   
-8.19393E-04	   
-1.07538E-03	   
-1.32026E-03	   
-1.55265E-03	   
-1.77127E-03	   
-1.97496E-03	   
-2.16266E-03	   
-2.33345E-03	   
-2.48653E-03	   
-2.62122E-03	   
-2.73697E-03	   
-2.83340E-03	   
-2.91022E-03	   
-2.96730E-03	   
-3.00462E-03	   
-3.02233E-03	   
-3.02066E-03	   
-3.00000E-03	   
-2.96084E-03	   
-2.90380E-03	   
-2.82960E-03	   
-2.73904E-03	   
-2.63306E-03	   
-2.51264E-03	   
-2.37887E-03	   
-2.23289E-03	   
-2.07591E-03	   
-1.90919E-03	   
-1.73403E-03	   
-1.55175E-03	   
-1.36372E-03	   
-1.17130E-03	   
-9.75843E-04	   
-7.78723E-04	   
-5.81279E-04	   
-3.84829E-04	   
-1.90656E-04	   
-9.43209E-16	   
1.85948E-04	   
3.66057E-04	   
5.39259E-04	   
7.04559E-04	   
8.61038E-04	   
1.00786E-03	   
1.14427E-03	   
1.26962E-03	   
1.38332E-03	   
1.48492E-03	   
1.57404E-03	   
1.65039E-03	   
1.71381E-03	   
1.76419E-03	   
1.80157E-03	   
1.82603E-03	   
1.83778E-03	   
1.83710E-03	   
1.82436E-03	   
1.80000E-03	   
1.76454E-03	   
1.71858E-03	   
1.66275E-03	   
1.59777E-03	   
1.52440E-03	   
1.44343E-03	   
1.35570E-03	   
1.26207E-03	   
1.16342E-03	   
1.06066E-03	   
9.54689E-04	   
8.46411E-04	   
7.36723E-04	   
6.26507E-04	   
5.16623E-04	   
4.07902E-04	   
3.01145E-04	   
1.97107E-04	   
9.65047E-05	   
4.76015E-16	   
-9.17971E-05	   
-1.78335E-04	   
-2.59124E-04	   
-3.33738E-04	   
-4.01818E-04	   
-4.63070E-04	   
-5.17274E-04	   
-5.64274E-04	   
-6.03987E-04	   
-6.36396E-04	   
-6.61553E-04	   
-6.79574E-04	   
-6.90639E-04	   
-6.94985E-04	   
-6.92910E-04	   
-6.84761E-04	   
-6.70935E-04	   
-6.51874E-04	   
-6.28058E-04	   
-6.00000E-04	   
-5.68243E-04	   
-5.33352E-04	   
-4.95909E-04	   
-4.56507E-04	   
-4.15746E-04	   
-3.74223E-04	   
-3.32530E-04	   
-2.91246E-04	   
-2.50934E-04	   
-2.12132E-04	   
-1.75351E-04	   
-1.41068E-04	   
-1.09725E-04	   
-8.17183E-05	   
-5.74025E-05	   
-3.70820E-05	   
-2.10101E-05	   
-9.38607E-06	   
-2.35377E-06	   
-2.38210E-28	 