0
-0.000145506800000000
-0.000215685800000000
-0.000179804600000000
-0.000140409900000000
-0.000144423300000000
-0.000183900100000000
-0.000218663800000000
-0.000256939200000000
-0.000254225300000000
-0.000198025300000000
-0.000119498800000000
-0.000116400100000000
-0.000152134200000000
-8.72077900000000e-05
-3.08833400000000e-05
0.000138230600000000
0.000177023700000000
0.000138219300000000
-0.000182943900000000
-0.000300949000000000
-6.45649500000000e-05
-7.48906100000000e-05
0.000164810000000000
0.000184486600000000
-0.000194973700000000
-0.000236562900000000
0.000177187800000000
0.000238262200000000
0.000478560200000000
-0.000540829400000000
0.000100139100000000
-7.34393300000000e-05
-0.000180472300000000
-7.77652500000000e-05
0.000203113700000000
0.000465816500000000
0.000123055800000000
-0.000641533300000000
-0.00119903400000000
0.000252670200000000
0.000911713100000000
0.00102170300000000
-0.000605739800000000
-0.00121621500000000
-0.000180744800000000
-0.00106299700000000
-0.000202149000000000
0.00124687200000000
-0.000436134700000000
-0.00116686800000000
-3.15796600000000e-05
-0.000477308900000000
0.000423080700000000
0.00187961600000000
-0.00243289300000000
-0.000305038800000000
-0.000557413000000000
0.00358879400000000
-0.000401941500000000
0.000711821700000000
-0.000175815700000000
-0.00249029300000000
-0.00315856900000000
-0.000666610500000000
0.00231826200000000
0.00221043900000000
-0.00141296300000000
-0.00349704000000000
-0.000661901100000000
0.00268358900000000
-0.000484943400000000
0.00343683000000000
0.000173289500000000
-5.89468400000000e-05
-0.00551282500000000
0.00105622600000000
0.00504439000000000
0.00473608500000000
0.00401911300000000
-0.00373965500000000
-0.00274924100000000
0.00217700000000000
0.00342488200000000
0.00272308200000000
-0.00298245400000000
-0.00223408000000000
0.00167864400000000
-0.00146663800000000
0.00565182300000000
0.00142724000000000
-0.000485144300000000
-0.00618319400000000
-0.00688519200000000
0.00110239500000000
0.00898587500000000
0.00778257000000000
0.000796372900000000
-0.00702333200000000
-0.00655608500000000
0.000392641600000000
0.0100638800000000
0.00602277100000000
-0.00161241700000000
-0.000732452600000000
-0.00837699000000000
0.00363310600000000
0.00978475700000000
0.00904557700000000
-0.00135781600000000
-0.0120258900000000
-0.00621897200000000
0.00106345900000000
0.00822945700000000
-0.00310702500000000
-0.000295944500000000
-0.00258700700000000
-0.00938114300000000
0.00901165700000000
-0.00491280400000000
0.000944782300000000
0.00510493000000000
-0.000930092200000000
0.00245810900000000
5.91373200000000e-05
0.00890251400000000
0.00954580000000000
0.00263537400000000
-0.00203754000000000
-0.00256281900000000
0.00912798500000000
0.00717577700000000
0.00394445600000000
0.00837936600000000
-0.0109606800000000
0.00380673100000000
-0.00198063000000000
0.00901794700000000
0.00235516100000000
-0.0134718900000000
0.00209399800000000
-0.00614018400000000
-0.00308265800000000
0.00440836500000000
-0.00914032000000000
-0.00496681900000000
-0.00206028500000000
0.0127914200000000
-0.00301499700000000
-0.00350567800000000
-0.000433459400000000
0.00247646900000000
0.0161386900000000
-0.00226013500000000
-0.00338413500000000
0.00928252400000000
0.0119818500000000
0.000101365900000000
-0.0102580500000000
0.00589326000000000
0.00738365200000000
-0.000472453400000000
0.00611736400000000
-0.00803692500000000
-0.000468837000000000
0.00836269400000000
-0.0104926700000000
0.00757099800000000
0.00787819900000000
-0.00878910900000000
0.0105295400000000
0.00239737900000000
0.0114002100000000
0.00220617700000000
0.00512258300000000
0.00684819800000000
-0.00230395600000000
-0.00830346400000000
0.00608361400000000
0.00272356300000000
-0.00740743500000000
-0.00536886700000000
-0.00217273800000000
0.000153296900000000
0.00196792800000000
-0.0147001400000000
-0.00461756000000000
0.0129468200000000
0.00422922300000000
0.00149040200000000
-0.00346872200000000
0.00664645300000000
0.00584322400000000
-0.00591285500000000
0.0121850700000000
0.00650339900000000
-0.00622877000000000
0.00134143600000000
0.00833355500000000
0.0112870500000000
-0.0103178300000000
-0.00537036600000000
0.00227891000000000
0.000803585900000000
0.0104435400000000
-0.00786909000000000
-0.0138394700000000
0.0173491300000000
0.00548345100000000
0.00459103300000000
-0.00577389500000000
0.00593142300000000
-0.000718947900000000
-0.00145492600000000
-0.000948271400000000
-0.00590108700000000
0.000293709600000000
-0.0187225100000000
-0.0192908600000000
-0.00746722100000000
0.0115758000000000
-0.00164165900000000
0.00184266000000000
-0.0243755100000000
-0.00219502100000000
-0.0215045500000000
-0.0198245000000000
-0.00421812400000000
0.00962765300000000
0.00906155100000000
-0.0132145400000000
-0.0256878900000000
-0.0194060000000000
0.0264409700000000
0.00449180100000000
-0.00571971000000000
-0.00777094200000000
-0.00671180200000000
-0.0108641100000000
-0.0179982900000000
-0.0257357900000000
-0.0280447300000000
-0.0262932900000000
-0.0119017900000000
-0.0178098800000000
-0.0100730300000000
0.0367822800000000
0.0303333900000000
0.0126216800000000
-0.0172222900000000
-0.0353576000000000
-0.0247008500000000
-0.0336799100000000
-0.0389903200000000
-0.0357362100000000
-0.0510146000000000
-0.0310041400000000
-0.0363574600000000
-0.0539463000000000
-0.0451032200000000
-0.0402200800000000
-0.0221894500000000
0.00494765700000000
0.0128306500000000
0.00249996800000000
-0.0240528200000000
-0.0635394300000000
-0.0493308800000000
-0.0118154100000000
0.0263943800000000
0.0458463000000000
0.0647317600000000
0.0450036400000000
0.0266691700000000
-0.000938397200000000
0.00283909000000000
0.0411115900000000
0.0341792200000000
0.00114211400000000
-0.0312138700000000
-0.0299028100000000
-0.0168498100000000
0.00792931000000000
0.00286674800000000
-0.0170500100000000
-0.00733099500000000
-0.0797956200000000
-0.0990659200000000
-0.0534389600000000
-0.0501692000000000
-0.0387576800000000
-0.0640019800000000
-0.0641310700000000
-0.0528698600000000
-0.0617046400000000
-0.0403154200000000
-0.0420861800000000
-0.0662457500000000
-0.00812011600000000
0.0381653800000000
0.0271436900000000
-0.00541501700000000
-0.0549072100000000
-0.0772553700000000
-0.0445609900000000
0.00127201300000000
0.0531334300000000
0.0767638800000000
0.0911785800000000
0.0911008700000000
0.0601992300000000
0.0878270600000000
0.122708800000000
0.121533800000000
0.105236900000000
0.121708300000000
0.144779700000000
0.168182200000000
0.167383400000000
0.156119300000000
0.131267500000000
0.101456400000000
0.0962227800000000
0.109999100000000
0.135179100000000
0.149542800000000
0.156717200000000
0.150029400000000
0.115209100000000
0.0609081800000000
0.0730948500000000
0.0768557300000000
0.0852581400000000
0.0720278500000000
0.0359614000000000
0.00219556800000000
-0.000253926300000000
-0.0132685800000000
-0.0535938000000000
-0.113686200000000
-0.149493800000000
-0.151884300000000
-0.135359200000000
-0.117281900000000
-0.119339500000000
-0.125816000000000
-0.105233100000000
-0.0935060900000000
-0.0604500700000000
-0.0265163100000000
0.0343123800000000
0.0504247600000000
0.00751174000000000
-0.0440832700000000
-0.100280500000000
-0.102052400000000
-0.0717538100000000
-0.0384934500000000
-0.00610971600000000
0.0176612600000000
-0.0175018900000000
-0.0637260500000000
-0.0791679600000000
-0.0787268300000000
-0.0531531400000000
-0.0283590300000000
0.000800348600000000
0.00113951200000000
0.00433990300000000
-0.00558536100000000
-0.0227429900000000
-0.00427025300000000
0.00861385200000000
0.0179295400000000
0.0285768600000000
0.0464413400000000
0.0755765500000000
0.0746103500000000
0.0124783400000000
-0.0208599100000000
-0.00201565300000000
0.00757600500000000
0.0237631300000000
0.0279665500000000
0.00913272900000000
0.0339609200000000
0.0859724600000000
0.103816800000000
0.0595744000000000
0.0170021000000000
0.000587254200000000
0.0299423200000000
0.0684717000000000
0.0951421000000000
0.0886683100000000
0.0829871100000000
0.0967197400000000
0.0824217800000000
0.0452523100000000
0.0213117100000000
0.00423845500000000
-0.0456655300000000
-0.0952722300000000
-0.0844483800000000
-0.0270579700000000
-0.0209360100000000
-0.0544143100000000
-0.0724827500000000
-0.0918612100000000
-0.111832300000000
-0.125973500000000
-0.143022000000000
-0.160925800000000
-0.150511300000000
-0.0950760900000000
-0.00346013100000000
0.0503222500000000
0.0610949900000000
0.0597416000000000
0.0729648100000000
0.0859716100000000
0.0709270800000000
0.0618993700000000
0.0817559300000000
0.108389400000000
0.128720400000000
0.0984294000000000
-0.0201956700000000
-0.147273000000000
-0.180665600000000
-0.152039900000000
-0.0988160300000000
-0.0716141500000000
-0.0819418000000000
-0.110213100000000
-0.124577800000000
-0.116013500000000
-0.117472300000000
-0.132332100000000
-0.126484600000000
-0.112136800000000
-0.0964151500000000
-0.0635106700000000
-0.00306714500000000
0.0787985900000000
0.125504800000000
0.163284200000000
0.178360000000000
0.191662900000000
0.199115400000000
0.165296600000000
0.145470000000000
0.122028000000000
0.0657122900000000
0.0116573700000000
-0.0144232800000000
-0.0208435100000000
-0.00417048400000000
0.0242654600000000
0.0604252700000000
0.0647482700000000
0.0321262200000000
-0.00514848800000000
-0.000271072900000000
0.0212155200000000
0.0188393500000000
-0.00389647600000000
-0.00192272000000000
0.0218687400000000
0.0216139400000000
-0.0126399700000000
-0.0626291600000000
-0.102083500000000
-0.123081300000000
-0.105734800000000
-0.0669294200000000
-0.0517970100000000
-0.0429893000000000
-0.0437025800000000
-0.0676673200000000
-0.0903066800000000
-0.119715700000000
-0.139918600000000
-0.148167000000000
-0.156399400000000
-0.143948900000000
-0.110833600000000
-0.0849135700000000
-0.0778865200000000
-0.0685831600000000
-0.0604091500000000
-0.0475602100000000
-0.0363896200000000
-0.0381966900000000
-0.0529864200000000
-0.0560369300000000
-0.0398580600000000
-0.0164014100000000
0.00434175100000000
0.0274926000000000
0.0456395000000000
0.0610161500000000
0.0626952600000000
0.0628218100000000
0.0718237800000000
0.0685796700000000
0.0596852000000000
0.0492957000000000
0.0135966500000000
-0.00755267600000000
0.0118051300000000
0.0158472100000000
0.0210293700000000
0.0315615500000000
0.0158824800000000
-0.00952637500000000
-0.0142824000000000
-0.00174289000000000
0.0164777900000000
0.0329038200000000
0.0562233600000000
0.0815428100000000
0.0986274300000000
0.105226500000000
0.0877814200000000
0.0716160400000000
0.0544697500000000
0.0432966200000000
0.0649348900000000
0.0951392700000000
0.106870200000000
0.0975033700000000
0.0790817700000000
0.0546665600000000
0.0466110800000000
0.0482121000000000
0.0377753500000000
-0.0132134100000000
-0.0630170100000000
-0.0865265700000000
-0.0735968100000000
-0.0369394800000000
-4.16785300000000e-05
0.0209139500000000
0.0511624600000000
0.0676814700000000
0.0535592900000000
0.0337149800000000
0.0314621600000000
0.0439614300000000
0.0400997500000000
0.0228556800000000
-0.00653694200000000
-0.0434616400000000
-0.0630058800000000
-0.0646831000000000
-0.0679967100000000
-0.0711701900000000
-0.0532930800000000
-0.0556716100000000
-0.0519974900000000
-0.0475651100000000
-0.0565765100000000
-0.0517630600000000
-0.0332619700000000
-0.0173616700000000
-0.0226842400000000
-0.0270501400000000
-0.0282693500000000
-0.0237669900000000
-0.0202706300000000
-0.0177370800000000
-0.00762514500000000
-0.000233401000000000
-0.00173818500000000
-0.00577892100000000
-0.0140124100000000
-0.0435845200000000
-0.0520028700000000
-0.00958050300000000
0.0426938500000000
0.0620701500000000
0.0652191100000000
0.0541187700000000
0.0145785000000000
-0.0214459900000000
-0.0322875700000000
-0.0266803000000000
-0.00784241200000000
0.0143187000000000
0.0182887300000000
0.00336767900000000
-0.00905456300000000
-0.0176518300000000
-0.00642943100000000
0.0384790200000000
0.0804480800000000
0.0727526400000000
0.0141257600000000
-0.0486573900000000
-0.0556727400000000
-0.0215857400000000
0.00156344700000000
0.00646019700000000
-0.000455222000000000
-0.00421267000000000
-0.00968730700000000
-0.0206514100000000
-0.0255429600000000
-0.0187618200000000
-0.0104782200000000
-0.00805199800000000
0.000463071700000000
0.0165425600000000
0.0259504500000000
0.0142248000000000
-0.00806507900000000
-0.0155184000000000
-0.00304808200000000
0.00755134300000000
0.00245078800000000
-0.00545619100000000
-0.0111030000000000
-0.00869913400000000
0.00261752700000000
0.000454920500000000
0.00368750500000000
0.0198053600000000
0.0252151600000000
0.0180136400000000
0.00269767900000000
-0.00230023800000000
0.0176291500000000
0.0342419600000000
0.0326140000000000
0.0157682000000000
-0.00716110000000000
-0.0143399400000000
-0.00729703300000000
0.000275164200000000
0.00540592200000000
0.00478544900000000
-0.000648356500000000
-0.00635322200000000
-0.00790762100000000
-0.000896777800000000
0.00816997300000000
0.0147461000000000
0.0114231700000000
0.00182149400000000
0.00588918700000000
0.0133086800000000
0.0149407200000000
0.0125221800000000
0.0101700100000000
0.0154704000000000
0.0237544500000000
0.0275917800000000
0.0293221900000000
0.0308315000000000
0.0305516700000000
0.0257456100000000
0.0184214200000000
0.0144161900000000
0.0158031900000000
0.0188984000000000
0.0190363200000000
0.0164222000000000
0.0137823000000000
0.0100530400000000
0.00317070400000000
-0.00401939200000000
-0.00727561700000000
-0.00393685600000000
-0.00245038900000000
-0.00352373500000000
-0.00275599400000000
-0.000323484500000000
0.000212187500000000
-0.00158856700000000
-0.00152789400000000
0.000901224300000000
0.000647991900000000
-0.00137127800000000
-0.00101002600000000
0.000108763300000000
0.000193256800000000
-0.000359214800000000
-0.00215252100000000
-0.00351811300000000
-0.00312171700000000
-0.00260471200000000
-0.00208532600000000
-0.00187427000000000
-0.00181643700000000
-0.00146870400000000
-0.000604673400000000
0.000264564500000000
0.000642938800000000
0.000479838100000000
0.000197027900000000