0.0577111
0.0796239
0.107383
0.12771
0.13084
0.131866
0.132865
0.13371
0.134377
0.135157
0.136094
0.137045
0.137986
0.139007
0.139659
0.139302
0.137971
0.136022
0.135596
0.136367
0.137768
0.139012
0.137765
0.134509
0.130081
0.125348
0.121355
0.119533
0.121187
0.126851
0.134081
0.134816
0.128836
0.116972
0.103587
0.0970246
0.0975384
0.10426
0.114615
0.11864
0.115334
0.105473
0.0906784
0.0793621
0.0801162
0.0918199
0.112095
0.113325
0.0932274
0.066479
0.0466678
0.0628683
0.0849242
0.0948572
0.0844956
0.0572538
0.0344043
0.0167625
0.00616105
0.00804816
0.0268486
0.0445938
0.0513749
0.0327744
0.003394
-0.00389065
0.013167
0.0533843
0.0693933
0.0470016
-0.00626947
-0.0806214
-0.133588
-0.134476
-0.0982386
-0.0401812
-0.0107958
-0.0198311
-0.047552
-0.0821834
-0.104453
-0.0909522
-0.0517288
0.00149948
0.0443403
0.035905
-0.00903085
-0.0772413
-0.149896
-0.176257
-0.156249
-0.100073
-0.0207488
0.0231352
0.0111382
-0.043041
-0.124789
-0.185691
-0.186621
-0.148598
-0.0910426
-0.0680008
-0.0711888
-0.0714723
-0.068954
-0.089337
-0.169871
-0.250912
-0.300205
-0.272789
-0.177949
-0.0882808
-0.01774
0.0231408
0.0432597
0.0393374
0.00629182
-0.0577993
-0.125655
-0.168621
-0.18685
-0.181497
-0.160008
-0.151763
-0.16532
-0.204393
-0.272001
-0.302642
-0.258465
-0.15029
-0.0216925
-0.00793809
-0.0561981
-0.13397
-0.200194
-0.24981
-0.288949
-0.298698
-0.260022
-0.147355
-0.0378302
0.0352181
0.0473099
-0.0292148
-0.13911
-0.241818
-0.306139
-0.26218
-0.155644
-0.0867975
-0.0820473
-0.144679
-0.169132
-0.184437
-0.210808
-0.277532
-0.314622
-0.289284
-0.213328
-0.104427
0.000134344
0.06278
0.0722623
0.0234991
-0.0466679
-0.0701855
-0.0603102
-0.0337375
-0.0531081
-0.120987
-0.183677
-0.217562
-0.19822
-0.174481
-0.163508
-0.161656
-0.15407
-0.0972714
-0.0173861
0.062406
0.113024
0.100381
0.0429173
-0.0494149
-0.16257
-0.198727
-0.141701
-0.0524323
0.0211661
-0.0110243
-0.0961644
-0.173169
-0.206681
-0.143527
-0.0578816
-0.0285515
-0.0691462
-0.167809
-0.196367
-0.144989
-0.0370942
0.0856375
0.0829815
-0.0181859
-0.16404
-0.294162
-0.297329
-0.26828
-0.235536
-0.217223
-0.182554
-0.134795
-0.0905726
-0.0532985
0.000922964
0.104681
0.21867
0.306147
0.283903
0.138613
-0.0163361
-0.143552
-0.205012
-0.203128
-0.142448
-0.0413808
0.0757736
0.065576
-0.0216043
-0.124234
-0.185621
-0.148111
-0.100003
-0.0499748
-0.000841852
0.0621866
0.0882902
0.0776984
0.0451632
0.0499728
0.113667
0.157712
0.145969
0.0298507
-0.112267
-0.206809
-0.24655
-0.233308
-0.149352
-0.0285542
0.08444
0.143213
0.065507
-0.0509037
-0.163772
-0.238919
-0.219405
-0.124829
-0.0126006
0.077501
0.0682707
0.0188803
0.00030793
0.0256297
0.0784014
0.0866342
0.0955603
0.116826
0.159756
0.122045
0.0317481
-0.0680153
-0.127313
-0.0925025
-0.0492667
-0.0240166
-0.0358423
-0.0567137
-0.0305303
0.0106084
0.0431302
0.0217253
0.0255639
0.0614398
0.112498
0.108512
0.0397817
-0.0212669
-0.0489103
-0.0159364
0.0689942
0.146423
0.186488
0.154912
0.0651841
-0.00378594
-0.0516553
-0.0811724
-0.113314
-0.118849
-0.0893292
-0.0244649
0.0341061
0.0417727
0.0273763
0.0103777
0.0281202
0.042342
0.035428
0.0187014
0.0349635
0.126863
0.215137
0.26495
0.23405
0.145227
0.0782121
0.0390733
0.0288817
0.0122193
0.0250904
0.0657252
0.123709
0.0928025
-0.0167779
-0.14547
-0.250877
-0.251683
-0.115464
0.0705265
0.249995
0.320132
0.294192
0.230582
0.140951
0.0285384
-0.0561376
-0.0877684
-0.070536
-0.0137941
0.053977
0.105714
0.121813
0.0839193
-0.04817
-0.163516
-0.201255
-0.125978
0.065569
0.24068
0.348214
0.362743
0.25611
0.108702
-0.019556
-0.108755
-0.141328
-0.142025
-0.121547
-0.0751635
0.00651653
0.0725464
0.0903243
0.0727371
0.0361983
0.00889458
-0.0144578
-0.0179364
0.0109563
0.0894175
0.126018
0.105101
0.0285463
-0.0567943
-0.0976938
-0.0975404
-0.0578244
0.0197935
0.104953
0.165369
0.186429
0.149432
0.100152
0.0812211
0.090377
0.120452
0.141596
0.100663
0.00558197
-0.125558
-0.133472
0.0162304
0.232657
0.438256
0.435904
0.227968
-0.0132288
-0.189894
-0.148213
-0.0236934
0.0260078
-0.0183964
-0.129398
-0.107368
0.00203347
0.125264
0.159812
0.0218644
-0.059332
-0.0279503
0.157308
0.367129
0.424869
0.336633
0.11794
-0.133558
-0.299492
-0.372952
-0.341779
-0.162661
0.0956841
0.286217
0.349681
0.220832
0.055306
-0.0408317
-0.0443303
0.0601062
0.198089
0.270877
0.275009
0.215151
0.14193
0.0804404
0.0387895
0.0224878
0.0261369
0.0382586
0.0554433
0.0617712
-0.0291711
-0.195038
-0.283473
-0.232983
0.00803116
0.161624
0.192339
0.143151
0.12035
0.143139
0.127358
0.118776
0.190188
0.445995
0.58362
0.531831
0.244297
-0.0672925
-0.170207
-0.117523
0.0393405
0.144738
0.124513
0.0290516
-0.101496
-0.174469
-0.0837011
0.146944
0.475741
0.808037
0.875688
0.731829
0.446539
0.1258
-0.0652282
-0.131339
-0.0855235
0.052243
0.110438
0.0247033
-0.11238
-0.216754
-0.0978542
0.09092
0.238258
0.300903
0.319988
0.37476
0.344485
0.182311
-0.153396
-0.333966
-0.236169
0.110471
0.608096
0.76337
0.605949
0.282467
-0.0191149
-0.00911507
0.145247
0.369011
0.578503
0.453514
0.0367386
-0.430709
-0.768123
-0.635456
-0.0695848
0.612329
1.16014
1.01742
0.273133
-0.408044
-0.786342
-0.611634
-0.146089
0.317695
0.695634
0.907757
0.762414
0.387754
-0.138187
-0.725298
-0.974231
-0.709293
-0.113613
0.631128
0.969312
0.836775
0.481005
0.0575666
-0.175816
-0.24024
-0.195843
-0.0357491
0.306457
0.625646
0.731473
0.636897
0.416491
0.416058
0.632332
1.00892
1.47365
1.7478
1.76846
1.6159
1.37472
1.28225
1.3264
1.42547
1.52839
1.57448
1.50966
1.20343
0.587666
-0.433889
-1.29063
-1.71051
-1.66518
-1.20224
-0.606381
-0.0989489
0.23584
0.310449
0.206284
0.248241
0.436182
0.747171
0.869921
0.764532
0.501171
0.125935
-0.340571
-0.717811
-0.902415
-0.866703
-0.6682
-0.504716
-0.370076
-0.277624
-0.267658
-0.388115
-0.494428
-0.488645
-0.23556
0.390798
0.905983
1.0564
0.599033
-0.357258
-0.922774
-0.993949
-0.529204
0.142614
0.561824
0.761421
0.773931
0.698664
0.563982
0.412064
0.292064
0.326305
0.477287
0.5353
0.445071
0.16492
-0.0940625
-0.271241
-0.3781
-0.437575
-0.414827
-0.368541
-0.359254
-0.443688
-0.713013
-1.02049
-1.27321
-1.40283
-1.29272
-1.01144
-0.682109
-0.402408
-0.393187
-0.70744
-1.07174
-1.35824
-1.39351
-1.15995
-0.842366
-0.538555
-0.369916
-0.446589
-0.525924
-0.520858
-0.351341
0.036874
0.380191
0.53096
0.385234
-0.105041
-0.504503
-0.717494
-0.714971
-0.563239
-0.404759
-0.242326
-0.0649949
0.162826
0.408278
0.573414
0.625458
0.530008
0.381985
0.288313
0.247392
0.247167
0.224059
0.30669
0.564596
1.03893
1.54892
1.7668
1.74225
1.52986
1.31973
1.20084
1.13137
1.0984
1.10484
1.10772
1.04059
0.88836
0.645532
0.398675
0.153841
-0.0812444
-0.296331
-0.350508
-0.318573
-0.283951
-0.331258
-0.616178
-0.958354
-1.22252
-1.31323
-1.13972
-0.949992
-0.818956
-0.767885
-0.755548
-0.721896
-0.69149
-0.668936
-0.650389
-0.470938
0.00876748
0.72486
1.53124
1.52539
0.94642
0.120016
-0.586185
-0.640648
-0.390097
0.0154226
0.430718
0.496824
0.22338
-0.0856396
-0.222704
0.16915
0.67461
1.00436
1.07139
0.876362
0.607836
0.332423
0.075691
-0.132693
-0.348251
-0.588874
-0.808691
-0.943952
-0.863363
-0.718875
-0.572111
-0.476952
-0.435406
-0.369898
-0.287607
-0.199526
-0.158466
-0.203508
-0.322497
-0.495366
-0.655161
-0.666773
-0.564352
-0.385239
-0.205795
-0.277917
-0.565287
-0.922989
-1.12146
-0.765347
-0.277506
0.13213
0.25743
-0.0743091
-0.432539
-0.715343
-0.853395
-0.864968
-0.757368
-0.570139
-0.363809
-0.368747
-0.579513
-0.802767
-0.980152
-1.09598
-1.23136
-1.16977
-0.787879
0.090344
0.894862
1.08
0.738471
0.0488316
-0.112341
0.0354896
0.224075
0.21398
-0.197053
-0.643992
-0.983343
-1.12092
-0.942565
-0.595547
-0.196105
0.187042
0.439723
0.389971
0.0924174
-0.350154
-0.720192
-0.560787
-0.122302
0.401647
0.757333
0.590492
0.252101
-0.0718193
-0.200114
0.0879341
0.511736
0.968967
1.38211
1.65382
1.74846
1.72341
1.62556
1.56856
1.52
1.31399
0.875642
0.108338
-0.551781
-0.817897
-0.704546
-0.311719
-0.160631
-0.302484
-0.651326
-1.09517
-1.23306
-1.0666
-0.711703
-0.277663
0.0385516
0.23639
0.281471
0.144532
-0.247461
-0.581612
-0.740831
-0.70513
-0.533583
-0.331865
-0.0773531
0.221015
0.534906
0.621346
0.558888
0.462216
0.482091
0.694671
0.896302
1.07769
1.23054
1.26812
1.0488
0.624421
0.0530061
-0.450911
-0.838076
-1.10098
-1.19456
-0.933379
-0.373545
0.172611
0.535741
0.455759
0.0323125
-0.359714
-0.658291
-0.838454
-0.960954
-0.977867
-0.930023
-0.870104
-1.04066
-1.30903
-1.54091
-1.62782
-1.43974
-1.18972
-0.9431
-0.73183
-0.565869
-0.469466
-0.454106
-0.527941
-0.706906
-0.873266
-0.902196
-0.731606
-0.276488
0.429757
1.02352
1.34617
1.23495
0.719941
0.298253
0.0778786
0.143723
0.487072
0.729848
0.779195
0.598562
0.298211
0.108087
-0.00159403
-0.0495934
-0.0697399
0.0920718
0.468183
0.978441
1.40972
1.18938
0.570605
-0.213465
-0.842357
-1.03826
-1.21367
-1.37178
-1.4891
-1.09771
-0.524878
-0.108823
-0.0963743
-0.689704
-1.22813
-1.52947
-1.53011
-1.30443
-1.06196
-0.8298
-0.619113
-0.442281
-0.342264
-0.304761
-0.282963
-0.193041
0.127215
0.356424
0.325532
-0.135589
-0.737686
-0.877626
-0.618443
-0.0594212
0.223328
0.136022
-0.132479
-0.478125
-0.8571
-1.2875
-1.43661
-1.08256
0.196133
1.36493
1.62985
0.990906
-0.214405
-0.422884
0.158575
1.13832
1.97496
1.81715
1.27609
0.588241
-0.0257291
-0.436089
-0.700401
-0.773586
-0.61858
-0.15057
0.305387
0.635101
0.818987
0.974278
1.05922
0.878964
0.427009
-0.187105
-0.468039
-0.550692
-0.520633
-0.495858
-0.509034
-0.628434
-0.861957
-1.20799
-1.39036
-1.31054
-1.03725
-0.641266
-0.321751
-0.142593
-0.0415171
0.0132568
0.0345216
-0.00987452
-0.0659274
-0.112037
-0.129215
-0.258246
-0.506067
-0.847213
-1.22618
-1.50898
-1.64038
-1.61137
-1.41922
-1.19711
-1.1622
-1.30649
-1.58953
-1.48806
-0.900713
-0.213063
0.278091
0.00500644
-0.52595
-0.911095
-0.974352
-0.592789
-0.0609901
0.420962
0.757737
0.81705
0.556197
0.157393
-0.300166
-0.722696
-0.747581
-0.451684
0.00635966
0.454839
0.712127
1.03549
1.38816
1.70618
1.59011
1.11176
0.520674
-0.0331186
-0.337176
-0.366904
-0.26342
-0.141359
-0.2374
-0.771112
-1.51888
-2.32426
-2.95093
-2.8192
-2.07004
-0.953532
0.223225
0.588495
0.560732
0.398515
0.323976
0.396644
0.460368
0.556328
0.703165
0.878372
0.930006
0.93612
0.953994
1.103
1.21605
1.1349
0.791639
0.0991551
-0.797316
-1.45323
-1.69742
-1.34723
-0.593874
0.0579665
0.502596
0.646286
0.23341
-0.249729
-0.45716
-0.162519
0.682628
1.31322
1.60286
1.51714
1.14187
0.672749
0.262133
0.0259521
0.187846
0.620506
0.790744
0.506588
-0.443621
-1.52616
-2.06974
-2.0626
-1.5536
-1.07746
-0.77107
-0.528361
-0.268252
-0.0185203
0.0382875
-0.0162623
-0.091047
0.124098
0.840438
1.77327
2.70489
3.17938
3.19023
3.01562
2.67706
2.11243
1.26648
0.391778
-0.382153
-0.909033
-0.906136
-0.633011
-0.203249
0.267072
0.517234
0.385989
-0.0833494
-0.807029
-1.32831
-1.10979
-0.362094
0.69024
1.4121
1.34851
0.927548
0.31965
-0.283735
-0.951372
-1.52961
-1.91672
-1.97609
-1.98089
-2.26073
-2.75265
-3.36078
-3.71639
-3.91559
-4.03582
-4.13107
-4.17513
-4.15298
-4.13759
-4.17481
-4.3335
-4.41481
-4.27251
-3.82507
-2.94236
-1.58986
-0.252855
0.729021
0.832929
0.330265
0.345647
0.99013
2.2841
3.14862
3.27923
2.87577
2.14821
1.51062
1.06169
0.795645
0.706353
0.77276
0.712743
0.487858
0.126979
-0.202356
-0.297267
-0.249304
-0.126339
-0.0464759
-0.184396
-0.421542
-0.699616
-0.94833
-1.20507
-1.50671
-1.80745
-2.05364
-2.03317
-1.8212
-1.52665
-1.23787
-1.10314
-1.0315
-0.999044
-0.995345
-1.01796
-0.782794
-0.209051
0.645018
1.54732
1.6361
1.04657
0.086365
-0.712698
-0.547893
-0.0507913
0.459386
0.64898
0.274475
-0.0748308
-0.275352
-0.239851
-0.0858084
0.0330324
0.163161
0.324655
0.494951
0.469125
0.327027
0.152105
0.154873
0.259704
0.317985
0.333243
0.375118
0.700477
1.38318
2.39157
3.66592
4.35945
4.30671
3.75635
2.9713
2.26478
1.61368
1.28271
1.47851
2.58097
3.69253
4.35289
4.37521
3.72744
3.10661
2.73069
2.62535
2.72219
2.66416
2.36316
1.80455
0.983558
-0.0342858
-1.05033
-2.04023
-2.9871
-3.79638
-4.2142
-4.11317
-3.3943
-1.91087
-0.344284
0.812723
1.27162
0.714693
0.0231464
-0.348955
-0.21211
0.623996
1.85492
2.9785
3.8195
4.1904
4.02954
3.51998
2.75056
1.82484
0.903798
0.204725
0.000592098
0.525515
1.92879
2.89905
3.05866
2.21048
0.476103
-0.852886
-1.38134
-1.03948
-0.12629
0.715366
1.64603
2.55846
3.09894
2.1644
0.642779
-0.977035
-2.07992
-2.70938
-3.30786
-3.76963
-3.95811
-3.30972
-1.80445
0.260405
2.53531
3.58195
3.23871
2.39912
1.58636
1.50317
1.54606
1.39157
1.03126
0.701773
0.674028
0.58842
0.290032
-0.41318
-1.47264
-2.63326
-3.73906
-4.62269
-4.71102
-4.40187
-3.76589
-2.85489
-1.44874
-0.331666
0.117044
-0.23212
-0.915217
-0.71329
0.336743
1.97456
3.26732
2.80521
1.75121
0.898069
1.55244
3.43148
4.64379
4.85438
3.85872
2.86258
2.44523
2.45161
2.68645
2.59676
2.25953
1.89126
1.65432
1.77187
1.98073
2.0851
2.02257
1.86908
2.05993
2.4458
2.9187
3.27851
3.69539
4.22645
4.74407
5.01001
4.50299
3.48405
2.08196
0.44698
-0.522643
-0.524835
0.0122872
0.678839
0.532742
0.0992521
-0.205436
-0.175228
0.213121
0.474892
0.591982
0.55436
0.346397
-0.295668
-1.15564
-2.02007
-2.51581
-2.35476
-1.95257
-1.4214
-0.86828
-0.306135
0.19178
0.556909
0.724024
0.537893
0.0316502
-0.648178
-1.33466
-1.39833
-0.630931
0.697323
2.38492
3.99373
4.58128
4.34658
3.54092
2.69554
2.02361
1.13159
-0.0191279
-1.41372
-2.29572
-2.42548
-1.95777
-1.09736
-0.517125
-0.204171
-0.0960687
-0.171445
-0.701312
-1.43958
-2.01705
-2.24454
-1.99684
-1.82092
-1.82577
-2.02454
-2.3643
-2.84661
-3.46314
-4.17507
-4.90885
-5.24827
-4.96812
-4.06255
-2.561
-1.03862
-0.000586758
0.421683
0.124265
-1.05377
-2.21012
-2.91548
-2.92101
-2.11447
-1.28548
-0.61511
-0.171625
0.0194011
-0.336929
-1.12695
-2.123
-2.83898
-2.48757
-1.60326
-0.525047
0.317281
0.393142
0.168601
-0.192405
-0.532824
-0.711213
-0.650282
-0.315241
0.296121
1.00836
1.43986
1.61093
1.54415
1.31104
1.00966
0.850884
0.973079
1.62386
2.39118
2.72866
2.57415
1.95507
1.60828
1.62175
1.83059
2.02841
1.79618
1.34348
0.797257
0.274171
-0.0211934
-0.0751251
0.092913
0.455943
0.905283
1.09748
1.021
0.704331
0.261992
-0.045317
-0.114688
0.0993528
0.656687
1.47106
2.13866
2.44516
2.14829
1.39909
0.861935
0.551322
0.458125
0.458317
0.593612
0.840853
1.15458
1.27941
1.00097
0.473227
-0.170885
-0.601255
-0.693233
-0.517233
-0.0146218
1.01628
2.39622
3.22948
3.251
2.2069
1.35037
1.27841
1.65723
2.06634
1.63575
1.05847
0.646361
0.619872
0.930918
1.09927
1.15782
1.14077
1.15524
0.994367
0.647606
0.182212
-0.172811
-0.137901
0.130649
0.531122
0.909952
1.03821
1.04536
0.99129
0.942062
0.707849
0.168943
-0.548466
-1.29543
-1.46081
-1.1425
-0.631505
-0.113902
0.242303
0.659655
1.19671
1.8745
2.69394
3.22248
3.13653
2.40519
1.11613
0.0305849
-0.834189
-1.57764
-2.35832
-2.98886
-3.1796
-2.9523
-2.35513
-1.57347
-0.665538
0.207792
0.881086
0.785992
0.380195
0.0875572
0.0853499
0.353634
0.419511
0.366489
0.278196
0.339335
0.475863
0.544506
0.506115
0.326925
0.0133415
-0.283269
-0.525499
-0.681783
-0.854136
-1.03523
-1.12373
-1.02545
-0.532104
0.134867
0.825723
1.44755
1.90031
2.06385
1.81568
1.14375
0.150117
-0.484415
-0.754296
-0.721295
-0.526293
-0.282442
-0.0483055
0.161234
0.332955
0.446738
0.377798
0.0669375
-0.526626
-1.22579
-1.73023
-2.06347
-2.24792
-2.34622
-2.36927
-2.31893
-2.19233
-1.97366
-1.74571
-1.64108
-1.7324
-2.13308
-2.81289
-3.56645
-4.27002
-4.75592
-4.64337
-4.05607
-3.04668
-1.67978
-0.00746209
1.6296
2.94746
3.67526
3.04307
1.51177
-0.299643
-1.97396
-2.80419
-2.96825
-2.88241
-2.6818
-2.4064
-1.76156
-0.881091
0.0735597
0.812901
0.984375
0.935225
0.804844
0.742904
0.813348
1.04558
1.52032
2.30465
3.42508
4.42595
4.9939
4.89354
3.70386
2.26354
0.915362
-0.334911
-1.98562
-3.722
-4.41847
-3.83269
-1.96587
-0.58981
0.482969
1.64491
3.49145
5.32877
5.75074
4.80658
2.68876
1.45783
1.92937
3.17963
4.32556
2.90845
0.392771
-1.67351
-2.56222
-2.0408
-1.67294
-1.60896
-1.76481
-1.75356
-1.15734
-0.346077
0.351085
0.407867
-0.611672
-1.76724
-2.74085
-3.22428
-3.17885
-3.00369
-2.65384
-2.08265
-1.08835
0.137068
1.55615
3.10827
4.52004
5.11027
4.92606
4.03973
2.67044
1.34794
0.328633
-0.257221
-0.22206
0.471866
1.03314
1.07858
0.164514
-1.46952
-3.10227
-4.6198
-5.90362
-6.09568
-5.40033
-4.41601
-3.62292
-3.87222
-4.46599
-4.86743
-4.852
-4.39401
-3.99623
-3.62827
-3.26003
-2.82714
-2.47536
-2.10062
-1.64104
-1.01148
-0.578347
-0.646451
-1.19255
-2.15123
-2.78909
-2.68455
-2.00709
-0.964261
-0.417396
-0.636292
-1.25006
-1.99809
-2.40424
-2.53788
-2.53287
-2.39789
-2.02024
-1.10981
0.23601
1.74782
2.88237
2.05815
0.0246709
-2.38918
-4.12604
-3.33997
-1.77525
-0.137258
0.928749
0.911
0.392462
-0.274439
-0.81088
-0.668608
-0.177006
0.351427
0.762662
0.896913
0.579105
0.0705566
-0.433217
-0.574199
-0.349671
-0.121317
0.00934963
-0.0520949
-0.286664
-0.428575
-0.315044
0.208007
1.0304
1.37471
1.25069
0.729302
0.45835
0.524462
0.571086
0.386578
-0.298447
-1.10668
-1.90261
-2.66844
-3.46926
-4.01561
-3.88551
-2.891
-0.790772
1.00532
1.49458
1.00889
0.0889201
0.025309
0.186407
0.428106
0.640314
1.03379
1.4169
1.53611
1.24007
0.444904
-0.279162
-0.839576
-1.24632
-1.66589
-2.11273
-2.41994
-2.56888
-2.59681
-2.72558
-2.78456
-2.71113
-2.43866
-2.11275
-1.69782
-1.29017
-1.00468
-1.41121
-1.76422
-1.74034
-1.2023
-0.866694
-1.43432
-2.29818
-3.0366
-2.82116
-2.23895
-1.9472
-2.08034
-2.53673
-2.47399
-1.89013
-0.92821
0.147616
0.502859
0.210822
-0.450564
-1.14367
-1.08952
-0.758569
-0.480827
-0.546317
-1.34942
-2.29821
-3.01876
-3.29491
-2.96506
-2.52479
-2.05345
-1.48729
-0.505216
0.70826
1.46487
1.63387
1.20772
1.10172
1.17251
1.21223
0.94576
0.50961
0.265029
0.155858
0.114135
0.0312388
0.118377
0.35415
0.669078
0.594461
-0.0819001
-1.01033
-1.94471
-2.38461
-2.25059
-1.7645
-1.0026
-0.0287331
0.578259
0.636973
0.329998
0.00984019
0.551915
1.47811
2.37158
2.78931
2.13264
1.47397
1.06509
1.05784
1.09089
0.858067
0.571435
0.413937
0.859596
1.83935
2.82639
3.5187
3.42332
2.69877
1.94421
1.32906
0.994968
0.650534
0.248726
-0.0987438
-0.241684
0.0303056
0.32749
0.487936
0.373208
-0.0665651
-0.408987
-0.531669
-0.371964
0.0212925
0.176197
0.0855237
-0.156973
-0.154497
0.331197
0.90033
1.36553
1.47229
1.42544
1.54013
1.82883
2.25355
2.3672
2.16442
1.7254
1.13927
0.398795
-0.551286
-1.71962
-3.09873
-4.57115
-5.5391
-5.68118
-4.87817
-3.24481
-2.30943
-2.11607
-2.32861
-1.88905
-0.328163
0.914111
1.43379
0.875189
0.341149
0.173312
0.186802
0.124698
-0.12708
0.0231496
0.582632
1.48296
1.74458
1.14625
0.326632
-0.237818
0.387472
1.75702
3.05269
3.869
3.69391
3.24729
3.04555
3.1772
3.61672
3.98032
4.0724
3.89104
3.46528
3.12109
2.94358
2.86355
2.80073
2.5118
2.00223
1.35865
0.655287
0.0584677
-0.346568
-0.527625
-0.423291
0.190003
1.46976
3.00791
4.41807
4.89531
3.85687
2.50377
1.37212
1.12076
1.66629
2.15702
2.49471
2.62459
2.64806
2.44904
2.05255
1.51647
1.28925
1.22272
0.992961
0.450694
-0.355264
-0.869415
-1.18241
-1.36642
-1.57553
-1.68204
-1.66009
-1.53992
-1.39499
-1.34847
-1.41289
-1.59023
-1.87945
-2.1416
-2.09737
-1.65282
-0.758638
0.1277
0.344866
0.107405
-0.380035
-0.506768
-0.427226
-0.409568
-0.531916
-0.705158
-0.547014
-0.163346
0.312821
0.599609
0.433522
0.113616
-0.26366
-0.598786
-1.09714
-1.87487
-2.81454
-3.76745
-4.03236
-3.82766
-3.44887
-3.10896
-2.83336
-2.13383
-1.26337
-0.464774
-0.433228
-0.763613
-1.00872
-1.08368
-1.11075
-1.24771
-1.20572
-0.910207
-0.303748
0.129168
0.247531
0.12805
-0.114219
-0.194596
-0.115531
0.0894805
0.380809
0.623914
0.699856
0.654109
0.534422
0.500838
0.595948
0.659588
0.586396
0.178256
-0.317361
-0.647536
-0.797163
-0.851177
-1.14948
-1.44714
-1.54721
-1.19361
-0.312359
0.40887
0.810331
0.777305
0.804073
1.05359
1.12178
0.725173
-0.33365
-1.10284
-1.50983
-1.57266
-1.52833
-1.45575
-1.44138
-1.5615
-1.97453
-2.37788
-2.40101
-1.9322
-0.863772
0.756098
2.43448
3.82048
4.54294
3.98891
3.30971
2.81947
2.73831
2.75259
2.34123
1.67979
0.948267
0.718692
1.05418
1.50593
1.86307
1.87365
1.86583
1.97192
2.1644
2.33019
2.23219
1.94313
1.5734
1.26932
1.46869
1.93716
2.38953
2.53275
1.61295
0.327527
-0.7301
-1.16303
-0.652669
0.0150178
0.760685
1.53814
2.27717
2.29495
1.78038
0.979984
0.433171
0.431941
0.546049
0.661194
0.675724
0.630177
0.573637
0.519603
0.480321
0.458814
0.41577
0.356686
0.295958
0.35062
0.630276
1.09123
1.66883
2.11317
2.12109
1.79728
1.22539
0.579411
0.143268
-0.0387537
0.0385977
0.3719
0.686614
0.749757
0.584444
0.248663
0.238386
0.497393
0.837083
1.07571
0.923047
0.547422
0.0594089
-0.450893
-0.779481
-0.68919
-0.24109
0.46214
1.09045
1.19149
1.00517
0.720682
0.678203
1.03347
1.40141
1.73149
2.01114
2.58301
3.18504
3.59871
3.61235
3.11975
2.64386
2.20803
1.79058
1.02407
-0.228109
-1.6542
-2.99291
-3.59735
-3.49808
-3.20255
-2.84851
-2.44982
-1.5515
-0.520455
0.348169
0.602858
0.154391
-0.416268
-0.977689
-1.41592
-1.39062
-1.10792
-0.823588
-0.759845
-1.13528
-1.39183
-1.37729
-1.04611
-0.614533
-0.438907
-0.334255
-0.205011
0.0816536
0.188822
0.00789349
-0.41451
-0.927034
-1.06904
-0.831211
-0.23028
0.703947
1.51444
1.70816
1.32588
0.457163
-0.246653
-0.568993
-0.673454
-0.676464
-0.694936
-0.548503
-0.18347
0.403273
1.12672
1.68843
2.07248
2.31221
2.50943
2.65672
2.60793
2.34957
1.89216
1.59004
1.56079
1.74086
2.04278
2.13897
2.00869
1.72574
1.35477
0.978651
0.626223
0.368493
0.257625
0.399364
0.538239
0.501186
0.252757
-0.153422
-0.363413
-0.458743
-0.506156
-0.615822
-0.580512
-0.375157
-0.12063
0.0182886
-0.160925
-0.259305
-0.200777
0.0597782
0.234117
0.168128
0.0146495
-0.116517
-0.0611858
-0.0276255
0.00433549
0.0811577
0.366222
0.644957
0.765283
0.703804
0.484184
-0.0923616
-1.03402
-2.125
-3.01733
-2.92732
-2.49671
-1.99612
-1.68568
-1.60608
-1.5718
-1.59365
-1.66195
-1.60164
-1.32099
-0.967564
-0.614061
-0.301395
0.106759
0.459799
0.648625
0.46073
0.119941
-0.140229
-0.313022
-0.455005
-0.658992
-0.771369
-0.72589
-0.4581
0.119677
0.797641
1.38685
1.70707
1.36093
0.883901
0.534417
0.445571
0.585847
0.675349
0.649684
0.468131
0.05794
-0.451072
-0.851319
-1.06964
-1.02918
-0.800317
-0.439038
0.0248066
0.554027
0.702178
0.40023
-0.161948
-0.768823
-0.788499
-0.54297
-0.279948
-0.154089
-0.121429
0.0433404
0.228198
0.346736
0.203909
-0.123102
-0.449032
-0.686297
-0.716225
-0.704079
-0.889129
-1.27285
-1.79861
-1.97835
-1.85469
-1.54134
-1.17225
-0.78071
-0.166905
0.555646
1.24073
1.14158
0.432013
-0.394187
-1.03713
-1.15254
-1.13469
-1.07195
-0.953584
-0.647518
-0.421947
-0.483836
-0.791571
-1.17642
-1.0863
-0.674988
-0.0886282
0.486729
0.872087
1.23063
1.58088
1.93169
2.15519
2.18912
2.08317
1.87224
1.59667
1.1776
0.744435
0.412476
0.470588
0.656153
0.60521
0.206669
-0.616436
-1.37357
-1.76962
-1.79476
-1.49422
-0.880218
0.0814111
1.17988
2.16317
2.00206
1.33499
0.618998
0.181131
0.00960105
-0.515959
-1.18152
-1.7721
-1.64135
-1.06506
-0.663217
-0.678567
-1.33071
-1.84712
-1.90499
-1.55813
-1.01699
-0.755691
-0.653502
-0.641035
-0.639046
-0.630157
-0.651835
-0.705072
-0.788504
-0.880334
-0.964286
-1.02829
-1.05425
-0.961061
-0.735743
-0.470408
-0.2152
-0.0436403
0.0489908
0.0271723
-0.116827
-0.384708
-0.513588
-0.45946
-0.276573
-0.0564934
0.0600261
0.179636
0.336995
0.560176
0.767935
0.831867
0.756986
0.559482
0.353899
0.217942
0.0892508
-0.0765264
-0.369099
-0.661354
-0.781752
-0.656695
-0.198268
0.311156
0.597873
0.59848
0.268898
-0.103385
-0.320324
-0.410535
-0.426272
-0.553802
-0.718808
-0.864642
-0.946774
-0.96941
-0.961849
-0.863157
-0.637073
-0.251264
0.061125
0.242921
0.291248
0.261445
0.247029
0.236067
0.211491
0.140103
-0.0292443
-0.232505
-0.423884
-0.547096
-0.523372
-0.481409
-0.462968
-0.502438
-0.554283
-0.555541
-0.493341
-0.346974
-0.00675513
0.449788
0.814839
0.971278
0.756525
0.456064
0.181762
-0.0686504
-0.372526
-0.640619
-0.689955
-0.515094
-0.147508
0.134427
0.338021
0.485094
0.59906
0.55204
0.401751
0.227213
0.0889793
0.00790252
-0.13111
-0.316518
-0.515271
-0.569679
-0.42571
-0.269697
-0.180474
-0.239676
-0.224154
-0.0738248
0.183222
0.468651
0.522076
0.399338
0.187955
-0.000974351
-0.00690961
0.0461509
0.120378
0.183139
0.235894
0.299981
0.336321
0.310101
0.127188
-0.103941
-0.29917
-0.428611
-0.493125
-0.551082
-0.573043
-0.539919
-0.419501
-0.292464
-0.207217
-0.155058
-0.113333
-0.084694
-0.122859
-0.230371
-0.403448
-0.539996
-0.558914
-0.487468
-0.358884
-0.312924
-0.386273
-0.475501
-0.510152
-0.358638
-0.12349
0.0941415
0.258345
0.341792
0.355339
0.338247
0.305154
0.272651
0.232874
0.200103
0.199883
0.261145
0.39518
0.451701
0.391673
0.192231
-0.0476255
-0.144757
-0.101697
0.0639425
0.2439
0.29772
0.261115
0.162999
0.0683314
0.0225182
0.00480732
0.00672341
0.0181556
0.0422785
0.0703714
0.0964762
0.113162
0.113349
0.10441
0.0870028
0.0615028
0.0198319
-0.0303009
-0.0779236
-0.11399
-0.11999
-0.106127
-0.0896275
-0.0807925
-0.0955331
-0.113476
-0.123396
-0.123517
-0.116516
-0.102231
-0.0829834
-0.0626018
-0.0472782
-0.0489848
-0.0597567
-0.0724191
-0.0792279
-0.0783562
-0.0820775
-0.0872408
-0.0912928
-0.092629
-0.0947395
-0.0936753
-0.0883683
-0.0838915
-0.0822557
-0.0798698
-0.0769884
-0.0782042
-0.0798055
-0.0791086
-0.0767955
-0.0753138
-0.0766663
-0.0762234
-0.0748356
-0.0741999
-0.0746838
-0.0734652
-0.0725594
-0.0736106
-0.0722973
-0.0707335
-0.0696615
-0.0694736
-0.0698428
-0.0717135
-0.0717865
-0.0692469
-0.0658223
-0.0662614
-0.0676158
-0.0682022
-0.0653654
-0.0650988
-0.0660974
-0.0663845
-0.0629954
-0.0625922
-0.0636958
-0.0644213
-0.0628856
-0.0612837
-0.0610367
-0.0610458
-0.0605592
-0.0598637
-0.0599976
-0.0598884
-0.059108
-0.0579391
-0.0576866
-0.0575806
-0.0572491
-0.0561883
-0.0554474
-0.0548093
-0.0542893
-0.0539855
-0.0548781
-0.0550544
-0.0540902
-0.051655
-0.0509365
-0.0512787
-0.0516101
-0.0510808
-0.0505753
-0.0502335
-0.0494688
-0.0481585
-0.0476595
-0.0488979
-0.0491636
-0.0477065
-0.0451893
-0.0451996
-0.0455464
-0.0455922
-0.0448732
-0.0446736
-0.0448425
-0.04454
-0.0425299
-0.0416739
-0.0415164
-0.0415392
-0.041242
-0.0408146
-0.0406081
-0.0405873
-0.040433
-0.0373914
-0.0375439
-0.0386852
-0.0393401
-0.0367633
-0.0365199
-0.0370787
-0.0372387
-0.0346433
-0.0325005
-0.0336619
-0.036209
-0.0359222
-0.0321463
-0.0311596
-0.0321274
-0.0335756
-0.032443
-0.0308672
-0.0299593
-0.0303924
-0.0296248
-0.0281537
-0.0284624
-0.0309781
-0.030629
-0.026641
-0.0250019
-0.0265997
-0.0279461
-0.0251755
-0.0243845
-0.0254934
-0.0258838
-0.0241905
-0.0237909
-0.023765
-0.0223994
-0.0214778
-0.0223205
-0.0232202
-0.0225508
-0.0199637
-0.0190428
-0.0192995
-0.0202524
-0.0204122
-0.0196896
-0.0185482
-0.0172972
-0.0165266
-0.0166297
-0.0170829
-0.0173688
-0.0164288
-0.0147761
-0.0141191
-0.0142682
-0.014542
-0.014502
-0.0143
-0.0137861
-0.0128101
-0.0121346
-0.0114403
-0.010925
-0.0107954
-0.0118004
-0.0109004
-0.00958331
-0.00877554
-0.00980582
-0.00820246
-0.00741749
-0.00796451
-0.00830103
-0.00684262
-0.00699525
-0.00783659
-0.00635506
-0.00542878
-0.00524632
-0.00476823
-0.00264152
-0.00406479
-0.00489258
-0.00466222
-0.00312005
-0.00193925
-0.00138014
-0.00172453
-0.00261577
-0.000332669
0.000269159
-0.000793746
-0.00235671
0.000256585
0.00109145
0.00105489
0.00120029
0.00364703
0.00231957
0.0016549
0.00236872
0.00480358
0.00321101
0.00287202
0.00373414
0.00547064
0.00599069
0.00510279
0.00458462
0.00570881
0.00924306
0.00700175
0.00479791
0.0053508
0.00985134
0.0092714
0.00829462
0.00838128
0.0102308
0.0090513
0.00807246
0.00872097
0.012777
0.0130031
0.0110994
0.00937053
0.010442
0.0135503
0.014366
0.0134237
0.0114262
0.0117273
0.0131882
0.0150045
0.0163657
0.0147148
0.0145108
0.0154394
0.0165628
0.0147994
0.0154563
0.0167095
0.017568
0.0165727
0.0184892
0.0193436
0.018477
0.0155111
0.0178619
0.019461
0.019924
0.019212
0.0215737
0.0216385
0.0072746
0.00695329
0.010426
0.012297
0.0135208
0.0146038
0.0161481
0.0172097
0.0197474
0.0229458
0.0232792
0.022583
0.0235333
0.0259404
0.0288655
0.0309538
0.0313844
0.0312438
0.031825
0.0347239
0.0367445
0.038067
0.0389095
0.0401513
0.0409424
0.0416301
0.0427205
0.0461915
0.0482482
0.0477698
0.0462696
0.0499256
0.0524026
0.0529234
0.0528041
0.055045
0.054882
0.0556991
0.0574136
0.0595344
0.0608403
0.06203
0.0628697
0.0631186
0.0620718
0.0628235
0.0655403
0.0695792
0.0694187
0.0686035
0.0683484
0.0689616
0.0699217
0.0725382
0.0743232
0.0746873
0.0734842
0.0746646
0.0759215
0.076707
0.076577
0.076634
0.0778758
0.0798254
0.0818553
0.0806086
0.0800202
0.0802838
0.0813966
0.0820791
0.0835108
0.0838888
0.0829255
0.083172
0.0856202
0.086394
0.0853391
0.0851198
0.0852182
0.0855844
0.0861819
0.0869591
0.0873869
0.0873135
0.0869564
0.0865973
0.0885105
0.0883994
0.0878733
0.0882028
0.0884699
0.0877476
0.0875032
0.0883013
0.0888285
0.0885073
0.0877253
0.0870795
0.0883267
0.0886354
0.0875765
0.0863305
0.087779
0.0880237
0.0869132
0.0859402
0.0872772
0.0868653
0.0858195
0.0852009
0.085865
0.0845839
0.0836432
0.0838119
0.0851324
0.0838087
0.0827824
0.0822714
0.0821547
0.0814834
0.0817753
0.0811731
0.0797199
0.0787593
0.0789364
0.0785099
0.0776066
0.0768466
0.0768045
0.076765
0.0760665
0.0740521
0.0725212
0.0727874
0.0732693
0.0727686
0.0710544
0.0701791
0.0694412
0.0685246
0.0675399
0.0677049
0.0672128
0.0657499
0.0640352
0.0639869
0.0632307
0.0618125
0.0606761
0.0604958
0.0599276
0.0589658
0.0577574
0.0566626
0.0557559
0.0548313
0.0537293
0.0529003
0.0523229
0.051502
0.0502005
0.0487254
0.0478556
0.0473112
0.0467685
0.0453048
0.0435788
0.0426105
0.0422298
0.0414801
0.040038
0.0387965
0.0378526
0.0371954
0.0361994
0.0348212
0.0334509
0.032482
0.0317898
0.0307957
0.0298048
0.0289532
0.0274863
0.0259834
0.0250793
0.0247761
0.0236985
0.022
0.0207357
0.0200767
0.0197149
0.0179861
0.0165292
0.0156741
0.0155788
0.0142052
0.0127992
0.0116024
0.0107902
0.010035
0.00892357
0.00773276
0.00669378
0.00592443
0.00482516
0.00378318
0.00294874
0.00200487
0.000907338
-4.41109e-006
-0.000766197
-0.00190994
-0.00297822
-0.00381301
-0.00449364
-0.0052566
-0.00630336
-0.00736719
-0.00830354
-0.00894795
-0.0099489
-0.0107474
-0.0114743
-0.0122705
-0.0132667
-0.0140537
-0.0148044
-0.0155947
-0.016159
-0.0170624
-0.0180395
-0.0188866
-0.0191348
-0.0197851
-0.0206036
-0.0214276
-0.0219793
-0.0228077
-0.0235051
-0.0239964
-0.0242424
-0.0250553
-0.0258459
-0.0264313
-0.0266665
-0.0273913
-0.0280452
-0.028545
-0.0288714
-0.0294686
-0.0299898
-0.0303785
-0.0306623
-0.0311267
-0.0317545
-0.0322023
-0.0324458
-0.0326991
-0.033063
-0.0334321
-0.0337856
-0.0341194
-0.0342891
-0.0345207
-0.0348192
-0.0351674
-0.0353577
-0.0355766
-0.0357899
-0.0359611
-0.0359422
-0.0360705
-0.0362769
-0.0364971
-0.0365508
-0.0365543
-0.0365969
-0.0366873
-0.0367604
-0.0367049
-0.0366713
-0.036682
-0.0367254
-0.0366347
-0.0365366
-0.0364577
-0.0364148
-0.0362672
-0.0361108
-0.0359741
-0.0358729
-0.0356896
-0.0354653
-0.0352513
-0.0350688
-0.034878
-0.0346166
-0.0343327
-0.0340479
-0.0337801
-0.0334846
-0.0331774
-0.0328561
-0.032507
-0.0321471
-0.0317925
-0.0314256
-0.0310237
-0.0306184
-0.0302137
-0.0297946
-0.0293519
-0.0288982
-0.0284389
-0.0279691
-0.0274874
-0.0269949
-0.0264924
-0.0259794
-0.0254563
-0.024924
-0.0243824
-0.0238315
-0.0232715
-0.0227029
