0.32459
0.32497
0.325349
0.325729
0.326109
0.322704
0.319298
0.315892
0.312486
0.313931
0.315376
0.316821
0.318266
0.312808
0.30735
0.301893
0.296435
0.291767
0.287098
0.28243
0.277761
0.269432
0.261104
0.252776
0.244448
0.240293
0.236139
0.231984
0.22783
0.227073
0.226317
0.22556
0.224803
0.23606
0.247316
0.258572
0.269829
0.279961
0.290092
0.300224
0.310356
0.324338
0.338319
0.352301
0.366282
0.360306
0.35433
0.348355
0.342379
0.33275
0.32312
0.313491
0.303861
0.293632
0.283404
0.273175
0.262946
0.257424
0.251902
0.24638
0.240857
0.22605
0.211242
0.196435
0.181627
0.179152
0.176678
0.174204
0.171729
0.186098
0.200467
0.214836
0.229206
0.230673
0.232139
0.233605
0.235071
0.254169
0.273266
0.292364
0.311461
0.299977
0.288493
0.277009
0.265525
0.243078
0.22063
0.198182
0.175735
0.151268
0.126801
0.102334
0.0778662
0.0186836
-0.0404989
-0.0996815
-0.158864
-0.210565
-0.262266
-0.313967
-0.365667
-0.384226
-0.402784
-0.421342
-0.439901
-0.401341
-0.362781
-0.324221
-0.28566
-0.206138
-0.126615
-0.0470923
0.0324305
0.0665437
0.100657
0.134771
0.168884
0.163244
0.157604
0.151964
0.146324
0.15401
0.161697
0.169383
0.177069
0.142036
0.107003
0.0719703
0.0369376
-0.0378717
-0.112681
-0.18749
-0.262299
-0.358596
-0.454893
-0.55119
-0.647488
-0.643576
-0.639664
-0.635752
-0.63184
-0.542762
-0.453684
-0.364606
-0.275528
-0.120381
0.034767
0.189914
0.345062
0.545511
0.745961
0.946411
1.14686
1.26827
1.38967
1.51107
1.63248
1.72024
1.80801
1.89578
1.98354
2.00164
2.01973
2.03782
2.05591
1.96997
1.88403
1.79809
1.71215
1.63482
1.55748
1.48014
1.40281
1.32184
1.24086
1.15989
1.07891
0.970857
0.862804
0.75475
0.646697
0.541249
0.4358
0.330352
0.224904
0.107216
-0.010471
-0.128159
-0.245846
-0.332812
-0.419777
-0.506742
-0.593707
-0.505414
-0.417121
-0.328829
-0.240536
-0.025895
0.188746
0.403387
0.618028
0.770864
0.923699
1.07653
1.22937
1.23217
1.23497
1.23777
1.24057
1.1686
1.09664
1.02468
0.952714
0.857171
0.761629
0.666086
0.570543
0.414494
0.258444
0.102395
-0.0536548
-0.0777239
-0.101793
-0.125862
-0.149931
-0.0966914
-0.0434517
0.00978795
0.0630276
-0.012049
-0.0871257
-0.162202
-0.237279
-0.438815
-0.64035
-0.841885
-1.04342
-1.10732
-1.17121
-1.2351
-1.29899
-1.42624
-1.55348
-1.68073
-1.80797
-2.00623
-2.20449
-2.40275
-2.60101
-2.61205
-2.6231
-2.63414
-2.64518
-2.29773
-1.95028
-1.60283
-1.25537
-0.6897
-0.12403
0.44164
1.00731
1.59647
2.18562
2.77478
3.36394
3.74732
4.1307
4.51408
4.89745
4.74888
4.60031
4.45174
4.30317
3.94289
3.58261
3.22234
2.86206
2.68689
2.51171
2.33653
2.16135
2.139
2.11665
2.0943
2.07195
2.28335
2.49475
2.70615
2.91755
3.09596
3.27438
3.4528
3.63122
3.51786
3.40449
3.29113
3.17777
2.63515
2.09252
1.5499
1.00727
0.35287
-0.30153
-0.95593
-1.61033
-2.04208
-2.47382
-2.90557
-3.33731
-3.28907
-3.24083
-3.19259
-3.14434
-2.83631
-2.52829
-2.22026
-1.91224
-1.21463
-0.517027
0.180579
0.878185
1.56445
2.25072
2.93699
3.62325
4.17513
4.72701
5.27888
5.83076
6.07541
6.32006
6.56471
6.80935
6.79835
6.78735
6.77635
6.76534
6.47738
6.18941
5.90144
5.61348
5.00282
4.39215
3.78149
3.17083
2.44538
1.71993
0.994484
0.269039
-0.502756
-1.27455
-2.04635
-2.81814
-3.45763
-4.09713
-4.73663
-5.37613
-5.71063
-6.04514
-6.37965
-6.71416
-6.77308
-6.832
-6.89092
-6.94985
-6.6829
-6.41596
-6.14901
-5.88206
-5.12126
-4.36046
-3.59966
-2.83886
-1.86023
-0.88161
0.097015
1.07564
1.67808
2.28052
2.88295
3.48539
3.46887
3.45235
3.43584
3.41932
3.06635
2.71337
2.3604
2.00742
1.5907
1.17397
0.757247
0.340525
0.181321
0.0221165
-0.137088
-0.296292
-0.540521
-0.784751
-1.02898
-1.27321
-1.58211
-1.89101
-2.19991
-2.50881
-2.69107
-2.87334
-3.0556
-3.23787
-3.28104
-3.32421
-3.36738
-3.41054
-3.19609
-2.98164
-2.76719
-2.55274
-2.25309
-1.95344
-1.6538
-1.35415
-1.04163
-0.729108
-0.416587
-0.104066
0.206263
0.516592
0.826921
1.13725
1.03391
0.93056
0.827215
0.72387
0.155772
-0.412325
-0.980422
-1.54852
-2.3527
-3.15688
-3.96107
-4.76525
-5.51335
-6.26145
-7.00955
-7.75764
-8.3872
-9.01677
-9.64634
-10.2759
-10.3188
-10.3617
-10.4046
-10.4475
-9.82926
-9.21103
-8.5928
-7.97457
-6.71271
-5.45086
-4.189
-2.92715
-1.67466
-0.42217
0.83032
2.08281
2.89647
3.71012
4.52377
5.33742
5.87889
6.42036
6.96183
7.5033
7.39154
7.27977
7.168
7.05623
6.15121
5.24619
4.34117
3.43614
2.51255
1.58897
0.665383
-0.258204
-1.0377
-1.81719
-2.59668
-3.37618
-3.91823
-4.46028
-5.00234
-5.54439
-6.05735
-6.57032
-7.08329
-7.59625
-7.83048
-8.06472
-8.29895
-8.53319
-8.19243
-7.85166
-7.5109
-7.17014
-6.4544
-5.73866
-5.02292
-4.30718
-3.54672
-2.78626
-2.0258
-1.26534
-0.722515
-0.179691
0.363133
0.905957
1.19885
1.49175
1.78464
2.07754
1.89046
1.70337
1.51629
1.32921
0.752003
0.174796
-0.402411
-0.979618
-1.74285
-2.50608
-3.26931
-4.03254
-4.74349
-5.45445
-6.1654
-6.87636
-7.0565
-7.23663
-7.41676
-7.5969
-7.21321
-6.82951
-6.44582
-6.06213
-5.24984
-4.43755
-3.62526
-2.81298
-1.93861
-1.06424
-0.189866
0.684509
1.4786
2.2727
3.06679
3.86089
4.50209
5.1433
5.7845
6.4257
6.8202
7.21471
7.60921
8.00371
7.94177
7.87984
7.81791
7.75598
7.24198
6.72798
6.21398
5.69998
5.35412
5.00827
4.66242
4.31656
4.21974
4.12293
4.02611
3.92929
3.73677
3.54425
3.35173
3.15921
3.02064
2.88206
2.74349
2.60492
2.83316
3.0614
3.28963
3.51787
3.92983
4.3418
4.75376
5.16572
5.52986
5.894
6.25814
6.62229
6.48585
6.34941
6.21297
6.07653
5.47426
4.87199
4.26971
3.66744
2.73425
1.80105
0.867859
-0.0653317
-0.968341
-1.87135
-2.77435
-3.67736
-4.14904
-4.62072
-5.09239
-5.56407
-5.47492
-5.38578
-5.29664
-5.20749
-4.82853
-4.44956
-4.07059
-3.69162
-3.35136
-3.0111
-2.67084
-2.33059
-1.85166
-1.37273
-0.893798
-0.414865
-0.0231785
0.368508
0.760194
1.15188
1.43365
1.71543
1.9972
2.27898
2.21472
2.15046
2.0862
2.02195
1.83309
1.64424
1.45538
1.26653
1.17563
1.08473
0.993826
0.902923
0.736586
0.570249
0.403912
0.237575
0.0103365
-0.216902
-0.44414
-0.671378
-0.71455
-0.757722
-0.800894
-0.844066
-0.580531
-0.316995
-0.05346
0.210075
0.929042
1.64801
2.36698
3.08594
4.03652
4.9871
5.93768
6.88825
7.84084
8.79343
9.74601
10.6986
11.2306
11.7626
12.2946
12.8266
12.9812
13.1359
13.2905
13.4451
13.1631
12.881
12.599
12.3169
11.9518
11.5866
11.2215
10.8563
10.291
9.72566
9.16034
8.59502
8.00666
7.4183
6.82994
6.24158
5.42622
4.61085
3.79549
2.98013
2.0991
1.21806
0.337029
-0.544001
-1.56227
-2.58053
-3.5988
-4.61706
-5.67566
-6.73425
-7.79284
-8.85144
-9.64552
-10.4396
-11.2337
-12.0278
-12.3932
-12.7586
-13.1241
-13.4895
-13.3671
-13.2448
-13.1225
-13.0001
-12.22
-11.4399
-10.6598
-9.87963
-8.97729
-8.07494
-7.1726
-6.27026
-5.53998
-4.80971
-4.07943
-3.34915
-2.69757
-2.04599
-1.39441
-0.742834
-0.291353
0.160128
0.611609
1.06309
1.30189
1.54068
1.77947
2.01827
2.37733
2.73639
3.09546
3.45452
3.73194
4.00935
4.28677
4.56418
4.83753
5.11087
5.38422
5.65756
5.77203
5.8865
6.00097
6.11544
5.92842
5.74139
5.55436
5.36733
5.15114
4.93495
4.71876
4.50257
4.33689
4.17121
4.00553
3.83984
3.92073
4.00162
4.08251
4.1634
4.45366
4.74392
5.03418
5.32445
5.31541
5.30638
5.29735
5.28832
4.76131
4.2343
3.70729
3.18028
2.32779
1.4753
0.622813
-0.229674
-1.30156
-2.37344
-3.44532
-4.5172
-5.32642
-6.13564
-6.94486
-7.75408
-7.61003
-7.46597
-7.32192
-7.17786
-5.95248
-4.7271
-3.50173
-2.27635
-0.241205
1.79394
3.82909
5.86423
7.93177
9.99931
12.0669
14.1344
15.9984
17.8623
19.7263
21.5902
22.4762
23.3621
24.248
25.1339
25.0772
25.0205
24.9638
24.9071
23.9929
23.0786
22.1643
21.25
18.8686
16.4872
14.1058
11.7244
8.86483
6.00526
3.14569
0.286118
-2.40124
-5.08859
-7.77595
-10.4633
-12.8038
-15.1442
-17.4846
-19.825
-20.6984
-21.5718
-22.4451
-23.3185
-23.0027
-22.6868
-22.371
-22.0551
-20.3419
-18.6286
-16.9153
-15.202
-12.7934
-10.3848
-7.97617
-5.56755
-3.35092
-1.13429
1.08235
3.29898
4.79857
6.29816
7.79776
9.29735
9.71807
10.1388
10.5595
10.9802
9.98304
8.98587
7.9887
6.99154
4.86198
2.73242
0.60286
-1.5267
-3.90585
-6.285
-8.66415
-11.0433
-12.6212
-14.1991
-15.777
-17.3549
-18.0127
-18.6705
-19.3283
-19.9861
-19.6007
-19.2154
-18.83
-18.4446
-17.1968
-15.9489
-14.7011
-13.4532
-10.7482
-8.04312
-5.33808
-2.63304
-0.13278
2.36748
4.86774
7.36801
8.44466
9.5213
10.598
11.6746
12.2486
12.8226
13.3966
13.9706
13.8356
13.7007
13.5658
13.4309
12.4031
11.3753
10.3475
9.31966
7.8984
6.47713
5.05586
3.63459
2.44516
1.25572
0.06628
-1.12316
-1.58047
-2.03778
-2.49509
-2.9524
-3.0334
-3.1144
-3.1954
-3.27639
-3.46875
-3.66111
-3.85346
-4.04582
-4.49148
-4.93715
-5.38281
-5.82848
-6.48982
-7.15115
-7.81249
-8.47382
-9.56711
-10.6604
-11.7537
-12.8469
-14.1871
-15.5274
-16.8676
-18.2079
-19.4811
-20.7543
-22.0275
-23.3007
-23.6784
-24.0561
-24.4339
-24.8116
-24.1632
-23.5147
-22.8663
-22.2178
-20.2957
-18.3736
-16.4515
-14.5294
-12.3242
-10.119
-7.91376
-5.70852
-3.84246
-1.9764
-0.110345
1.75571
2.92706
4.0984
5.26975
6.4411
7.43595
8.4308
9.42565
10.4205
11.3265
12.2324
13.1383
14.0442
14.5701
15.0959
15.6217
16.1475
16.3517
16.5559
16.7601
16.9642
16.4285
15.8927
15.3569
14.8212
13.1943
11.5674
9.94046
8.31351
6.44932
4.58513
2.72094
0.856742
-0.486684
-1.83011
-3.17354
-4.51697
-5.00408
-5.49119
-5.9783
-6.46542
-5.87376
-5.2821
-4.69044
-4.09878
-3.05993
-2.02109
-0.982249
0.056593
0.611647
1.1667
1.72175
2.27681
2.01191
1.74701
1.48211
1.21722
0.693353
0.169485
-0.354382
-0.87825
-1.02309
-1.16793
-1.31277
-1.45762
-0.77058
-0.08354
0.6035
1.29054
2.50678
3.72302
4.93926
6.1555
7.22952
8.30355
9.37758
10.4516
10.4794
10.5071
10.5348
10.5626
9.56022
8.55784
7.55546
6.55308
4.89417
3.23525
1.57633
-0.0825866
-2.12703
-4.17147
-6.21592
-8.26036
-10.1357
-12.0111
-13.8865
-15.7618
-17.6705
-19.5793
-21.4881
-23.3968
-24.3894
-25.382
-26.3746
-27.3672
-27.7007
-28.0342
-28.3676
-28.7011
-28.2214
-27.7416
-27.2618
-26.782
-25.7171
-24.6521
-23.5872
-22.5223
-19.4342
-16.3461
-13.258
-10.1698
-6.35895
-2.54809
1.26276
5.07362
8.48021
11.8868
15.2934
18.6999
20.6988
22.6977
24.6966
26.6956
27.4248
28.1541
28.8834
29.6126
29.3853
29.158
28.9307
28.7034
27.7424
26.7813
25.8203
24.8592
23.2064
21.5535
19.9006
18.2478
16.0746
13.9014
11.7282
9.55508
7.39212
5.22915
3.06619
0.903225
-0.765013
-2.43325
-4.10149
-5.76973
-6.43639
-7.10305
-7.76971
-8.43638
-8.42756
-8.41874
-8.40992
-8.4011
-7.54038
-6.67966
-5.81893
-4.95821
-3.58747
-2.21673
-0.845989
0.524752
1.62046
2.71616
3.81187
4.90757
5.61808
6.3286
7.03912
7.74964
7.92391
8.09818
8.27245
8.44672
8.26243
8.07813
7.89383
7.70954
7.49998
7.29042
7.08086
6.8713
6.43321
5.99512
5.55703
5.11894
4.48355
3.84816
3.21277
2.57739
1.70781
0.838233
-0.0313455
-0.900924
-1.62524
-2.34956
-3.07388
-3.79819
-4.31393
-4.82968
-5.34543
-5.86118
-6.27368
-6.68618
-7.09868
-7.51117
-8.03151
-8.55186
-9.07221
-9.59256
-10.3823
-11.172
-11.9617
-12.7514
-13.578
-14.4045
-15.2311
-16.0576
-16.644
-17.2304
-17.8167
-18.4031
-18.474
-18.545
-18.6159
-18.6868
-18.4358
-18.1848
-17.9338
-17.6827
-16.7086
-15.7344
-14.7602
-13.7861
-12.0758
-10.3656
-8.65536
-6.94511
-4.9765
-3.00789
-1.03928
0.929337
2.4294
3.92946
5.42952
6.92959
7.69147
8.45335
9.21523
9.9771
9.9931
10.0091
10.0251
10.0411
9.38661
8.73212
8.07762
7.42313
6.57396
5.7248
4.87564
4.02648
3.04372
2.06095
1.07818
0.0954177
-1.08079
-2.257
-3.43321
-4.60942
-5.43646
-6.26349
-7.09052
-7.91755
-8.04687
-8.17619
-8.30551
-8.43483
-7.66117
-6.88751
-6.11385
-5.34019
-3.8386
-2.33701
-0.835421
0.666167
2.20267
3.73917
5.27567
6.81217
7.67141
8.53064
9.38987
10.2491
10.3986
10.5481
10.6976
10.8471
10.5006
10.1541
9.80762
9.46113
9.1135
8.76587
8.41823
8.0706
8.10516
8.13973
8.1743
8.20887
8.61079
9.01272
9.41464
9.81656
10.5499
11.2833
12.0167
12.75
13.3665
13.983
14.5995
15.216
15.3805
15.5449
15.7094
15.8738
15.509
15.1443
14.7795
14.4147
13.136
11.8572
10.5784
9.29967
7.38278
5.46588
3.54898
1.63208
-0.00151
-1.6351
-3.26869
-4.90228
-5.79729
-6.69229
-7.5873
-8.48231
-8.58926
-8.69621
-8.80316
-8.91012
-7.80472
-6.69932
-5.59392
-4.48852
-2.26402
-0.039525
2.18497
4.40947
6.08318
7.75689
9.4306
11.1043
12.104
13.1037
14.1033
15.103
15.4579
15.8128
16.1677
16.5226
15.883
15.2434
14.6038
13.9641
12.8303
11.6966
10.5629
9.42917
8.49453
7.5599
6.62527
5.69064
4.97245
4.25426
3.53607
2.81788
2.48978
2.16168
1.83358
1.50547
1.52671
1.54794
1.56918
1.59041
1.63264
1.67487
1.7171
1.75933
1.78783
1.81633
1.84483
1.87332
1.79141
1.7095
1.62759
1.54567
1.13523
0.72478
0.314335
-0.0961105
-0.99169
-1.88727
-2.78285
-3.67842
-4.95486
-6.23131
-7.50775
-8.7842
-10.2748
-11.7654
-13.256
-14.7466
-15.9516
-17.1565
-18.3614
-19.5663
-20.4876
-21.4089
-22.3302
-23.2514
-23.983
-24.7146
-25.4462
-26.1777
-26.6735
-27.1692
-27.6649
-28.1607
-28.6604
-29.16
-29.6596
-30.1593
-30.815
-31.4707
-32.1264
-32.7821
-33.4254
-34.0686
-34.7118
-35.3551
-35.6369
-35.9188
-36.2007
-36.4826
-36.4077
-36.3327
-36.2577
-36.1827
-35.9127
-35.6427
-35.3727
-35.1026
-34.6544
-34.2061
-33.7578
-33.3095
-33.0016
-32.6937
-32.3858
-32.0778
-32.068
-32.0581
-32.0482
-32.0383
-32.4663
-32.8943
-33.3223
-33.7503
-34.674
-35.5977
-36.5213
-37.445
-38.6743
-39.9035
-41.1328
-42.362
-43.2312
-44.1004
-44.9695
-45.8387
-46.1959
-46.553
-46.9101
-47.2672
-46.3315
-45.3957
-44.4599
-43.5242
-40.812
-38.0998
-35.3876
-32.6754
-28.4143
-24.1532
-19.892
-15.6309
-12.334
-9.03702
-5.74008
-2.44314
-0.590455
1.26223
3.11491
4.96759
5.9459
6.92421
7.90252
8.88082
8.99315
9.10547
9.2178
9.33012
8.71708
8.10403
7.49099
6.87794
5.91616
4.95439
3.99261
3.03083
1.99976
0.968685
-0.0623875
-1.09346
-1.14003
-1.18659
-1.23316
-1.27972
-0.297503
0.684715
1.66693
2.64915
4.1933
5.73744
7.28159
8.82574
9.94177
11.0578
12.1738
13.2898
14.1444
14.9991
15.8537
16.7083
17.434
18.1596
18.8852
19.6108
20.2357
20.8605
21.4853
22.1101
22.4665
22.8228
23.1792
23.5356
24.2854
25.0351
25.7848
26.5346
27.8609
29.1872
30.5135
31.8398
34.3098
36.7799
39.2499
41.72
44.8475
47.9751
51.1027
54.2303
56.7617
59.2931
61.8245
64.3559
64.3553
64.3547
64.3541
64.3535
60.6551
56.9566
53.2582
49.5597
38.5849
27.6102
16.6354
5.66065
-1.70883
-9.07832
-16.4478
-23.8173
-27.0528
-30.2882
-33.5237
-36.7592
-39.236
-41.7129
-44.1898
-46.6666
-47.838
-49.0093
-50.1806
-51.3519
-51.6864
-52.0208
-52.3553
-52.6898
-50.968
-49.2461
-47.5242
-45.8024
-43.2982
-40.7939
-38.2897
-35.7854
-33.8072
-31.8289
-29.8506
-27.8723
-27.4023
-26.9324
-26.4625
-25.9925
-26.7476
-27.5026
-28.2576
-29.0127
-30.6665
-32.3203
-33.9741
-35.6279
-37.3031
-38.9783
-40.6535
-42.3288
-43.7441
-45.1593
-46.5746
-47.9898
-48.0184
-48.047
-48.0756
-48.1041
-47.4956
-46.8871
-46.2785
-45.67
-38.5814
-31.4927
-24.404
-17.3153
-5.37317
6.56895
18.5111
30.4532
37.5973
44.7415
51.8856
59.0298
63.3577
67.6855
72.0133
76.3411
79.5328
82.7246
85.9163
89.1081
89.6778
90.2475
90.8173
91.387
89.9169
88.4468
86.9767
85.5067
81.1693
76.832
72.4946
68.1572
61.5738
54.9904
48.407
41.8235
33.8419
25.8602
17.8785
9.89685
5.9469
1.99695
-1.953
-5.90294
-6.27417
-6.64541
-7.01665
-7.38789
-6.39003
-5.39218
-4.39433
-3.39648
-1.75222
-0.10795
1.53632
3.18058
3.86502
4.54946
5.23391
5.91835
3.18368
0.449
-2.28567
-5.02035
-11.1483
-17.2762
-23.4041
-29.532
-34.648
-39.764
-44.88
-49.9959
-52.9057
-55.8156
-58.7255
-61.6353
-64.5258
-67.4162
-70.3067
-73.1972
-76.1817
-79.1663
-82.1509
-85.1354
-86.5862
-88.037
-89.4878
-90.9385
-91.4681
-91.9977
-92.5273
-93.0569
-92.3191
-91.5812
-90.8434
-90.1055
-89.0161
-87.9267
-86.8374
-85.748
-84.3699
-82.9917
-81.6136
-80.2355
-78.5027
-76.7698
-75.037
-73.3041
-70.6534
-68.0026
-65.3518
-62.7011
-59.3606
-56.02
-52.6795
-49.3389
-46.4166
-43.4942
-40.5718
-37.6495
-36.5864
-35.5233
-34.4602
-33.3971
-33.8272
-34.2573
-34.6874
-35.1175
-35.5624
-36.0074
-36.4524
-36.8974
-36.9407
-36.984
-37.0273
-37.0706
-36.2111
-35.3515
-34.492
-33.6324
-30.8035
-27.9746
-25.1458
-22.3169
-16.0588
-9.80068
-3.54257
2.71554
9.32762
15.9397
22.5517
29.1638
34.4226
39.6814
44.9402
50.1989
54.9799
59.7609
64.5419
69.3229
73.2326
77.1423
81.052
84.9617
88.1047
91.2477
94.3907
97.5337
99.7388
101.944
104.15
106.355
108.425
110.495
112.566
114.636
116.397
118.158
119.919
121.68
123.131
124.581
126.031
127.482
129.443
131.404
133.364
135.325
138.604
141.884
145.163
148.442
150.901
153.359
155.818
158.276
158.173
158.071
157.968
157.865
154.828
151.791
148.754
145.716
141.642
137.569
133.495
129.421
126.906
124.391
121.876
119.36
117.599
115.837
114.075
112.313
108.221
104.128
100.035
95.9422
90.2876
84.633
78.9784
73.3238
68.2378
63.1518
58.0658
52.9797
48.0471
43.1145
38.1819
33.2493
30.1447
27.0401
23.9355
20.8309
19.6171
18.4033
17.1895
15.9756
15.5049
15.0341
14.5634
14.0926
14.5621
15.0316
15.5011
15.9706
17.106
18.2414
19.3768
20.5122
21.6707
22.8291
23.9875
25.146
26.3002
27.4545
28.6087
29.7629
31.1568
32.5508
33.9447
35.3386
35.9055
36.4724
37.0393
37.6062
37.9653
38.3244
38.6835
39.0427
39.2514
39.46
39.6687
39.8773
40.0424
40.2075
40.3726
40.5377
40.5763
40.6149
40.6535
40.6921
40.7662
40.8404
40.9145
40.9886
40.9065
40.8243
40.7422
40.6601
40.5298
40.3996
40.2693
40.139
38.6744
37.2098
35.7452
34.2806
30.8257
27.3708
23.9159
20.461
9.88932
-0.68235
-11.254
-21.8257
-35.9528
-50.0799
-64.207
-78.3341
-82.3681
-86.4021
-90.436
-94.47
-91.1218
-87.7737
-84.4256
-81.0774
-81.1578
-81.2383
-81.3188
-81.3993
-83.7361
-86.073
-88.4099
-90.7467
-92.3498
-93.9528
-95.5558
-97.1589
-95.6363
-94.1138
-92.5912
-91.0686
-88.427
-85.7854
-83.1438
-80.5022
-77.5556
-74.6089
-71.6623
-68.7157
-66.0435
-63.3714
-60.6992
-58.027
-56.5842
-55.1414
-53.6987
-52.2559
-51.6886
-51.1213
-50.554
-49.9866
-50.3021
-50.6175
-50.9329
-51.2484
-54.094
-56.9396
-59.7852
-62.6308
-65.9625
-69.2942
-72.6259
-75.9575
-77.4431
-78.9287
-80.4143
-81.8999
-76.7981
-71.6964
-66.5947
-61.4929
-56.2019
-50.9109
-45.6199
-40.3289
-36.2935
-32.2582
-28.2228
-24.1874
-20.425
-16.6626
-12.9002
-9.13774
-6.20784
-3.27794
-0.34804
2.58186
6.41313
10.2444
14.0757
17.9069
18.3892
18.8714
19.3536
19.8358
20.1977
20.5596
20.9215
21.2833
23.7497
26.216
28.6824
31.1487
32.931
34.7134
36.4958
38.2781
41.0198
43.7614
46.5031
49.2447
52.5878
55.9308
59.2738
62.6169
66.7953
70.9738
75.1522
79.3307
83.2495
87.1683
91.0871
95.0058
97.8429
100.68
103.518
106.355
109.109
111.863
114.617
117.37
119.423
121.475
123.528
125.58
126.355
127.13
127.905
128.68
127.577
126.474
125.371
124.268
121.754
119.239
116.725
114.21
110.236
106.262
102.288
98.3138
93.9663
89.6188
85.2712
80.9237
77.4761
74.0286
70.5811
67.1335
64.0127
60.8919
57.7711
54.6503
51.4866
48.3228
45.1591
41.9953
38.9598
35.9242
32.8886
29.8531
26.3553
22.8575
19.3597
15.8618
12.3545
8.84725
5.33997
1.83269
-1.65718
-5.14705
-8.63692
-12.1268
-15.3186
-18.5103
-21.7021
-24.8939
-27.0583
-29.2227
-31.3871
-33.5514
-35.7544
-37.9573
-40.1602
-42.3631
-45.1264
-47.8897
-50.653
-53.4162
-54.1748
-54.9334
-55.692
-56.4506
-55.9057
-55.3609
-54.8161
-54.2712
-52.7546
-51.2379
-49.7212
-48.2045
-45.6968
-43.1891
-40.6814
-38.1738
-35.9174
-33.661
-31.4046
-29.1482
-27.718
-26.2877
-24.8575
-23.4273
-23.9891
-24.5509
-25.1127
-25.6745
-26.8858
-28.0972
-29.3086
-30.5199
-32.1366
-33.7533
-35.37
-36.9866
-39.2246
-41.4626
-43.7006
-45.9386
-48.1527
-50.3668
-52.5809
-54.795
-57.3235
-59.852
-62.3805
-64.909
-67.2074
-69.5057
-71.8041
-74.1024
-76.4726
-78.8428
-81.213
-83.5833
-85.6752
-87.7671
-89.859
-91.951
-93.7866
-95.6221
-97.4576
-99.2931
-100.509
-101.725
-102.941
-104.157
-105.089
-106.021
-106.953
-107.884
-107.414
-106.943
-106.472
-106.001
-104.162
-102.323
-100.484
-98.645
-96.0341
-93.4232
-90.8123
-88.2014
-85.0977
-81.994
-78.8903
-75.7865
-72.5451
-69.3036
-66.0622
-62.8207
-59.8419
-56.863
-53.8841
-50.9053
-48.4676
-46.0298
-43.592
-41.1542
-39.3978
-37.6414
-35.885
-34.1285
-32.6363
-31.1441
-29.6519
-28.1596
-26.1251
-24.0906
-22.0561
-20.0216
-16.2545
-12.4874
-8.7203
-4.95319
-0.445845
4.0615
8.56885
13.0762
17.5162
21.9562
26.3962
30.8362
34.3963
37.9563
41.5163
45.0763
48.1184
51.1604
54.2025
57.2446
59.1443
61.044
62.9437
64.8434
65.252
65.6606
66.0692
66.4777
65.6529
64.8281
64.0033
63.1785
60.9013
58.6241
56.3469
54.0697
49.6226
45.1754
40.7283
36.2811
30.0922
23.9032
17.7143
11.5253
5.135
-1.2553
-7.6456
-14.0359
-19.3774
-24.7189
-30.0604
-35.4018
-38.9614
-42.5211
-46.0807
-49.6404
-52.5511
-55.4618
-58.3725
-61.2833
-63.216
-65.1487
-67.0814
-69.0141
-69.3244
-69.6346
-69.9449
-70.2551
-67.4196
-64.5842
-61.7488
-58.9133
-54.6598
-50.4064
-46.153
-41.8995
-37.5748
-33.2501
-28.9254
-24.6006
-19.3899
-14.1793
-8.96869
-3.75807
0.18797
4.13401
8.08005
12.0261
14.9046
17.7831
20.6617
23.5402
26.004
28.4679
30.9318
33.3956
34.9498
36.504
38.0583
39.6125
39.7499
39.8873
40.0247
40.1621
38.6792
37.1963
35.7134
34.2305
29.3672
24.5039
19.6406
14.7772
8.19402
1.61085
-4.97232
-11.5555
-16.7608
-21.9661
-27.1715
-32.3768
-35.4425
-38.5083
-41.574
-44.6397
-47.4558
-50.2719
-53.088
-55.904
-58.2947
-60.6854
-63.0761
-65.4668
-67.1141
-68.7615
-70.4089
-72.0562
-73.0281
-73.9999
-74.9718
-75.9436
-75.6504
-75.3572
-75.0641
-74.7709
-73.7794
-72.788
-71.7965
-70.8051
-69.4226
-68.04
-66.6575
-65.2749
-63.9245
-62.5741
-61.2236
-59.8732
-58.6987
-57.5242
-56.3497
-55.1752
-53.7172
-52.2592
-50.8012
-49.3432
-47.4165
-45.4898
-43.5631
-41.6363
-39.4531
-37.2699
-35.0867
-32.9035
-30.4779
-28.0522
-25.6266
-23.2009
-20.6791
-18.1572
-15.6353
-13.1135
-11.0812
-9.04883
-7.01649
-4.98415
-4.26194
-3.53974
-2.81754
-2.09534
-2.61443
-3.13352
-3.6526
-4.17169
-5.50103
-6.83036
-8.1597
-9.48904
-11.1579
-12.8268
-14.4957
-16.1645
-17.4734
-18.7822
-20.0911
-21.4
-22.4236
-23.4472
-24.4708
-25.4944
-26.7008
-27.9072
-29.1136
-30.3199
-32.0051
-33.6903
-35.3755
-37.0607
-38.475
-39.8892
-41.3035
-42.7178
-44.0959
-45.474
-46.8521
-48.2303
-49.8769
-51.5234
-53.17
-54.8166
-56.2732
-57.7297
-59.1863
-60.6429
-61.5498
-62.4566
-63.3634
-64.2702
-64.9621
-65.654
-66.3459
-67.0378
-67.4477
-67.8575
-68.2673
-68.6771
-68.0054
-67.3337
-66.6619
-65.9902
-64.2362
-62.4821
-60.728
-58.9739
-55.3692
-51.7644
-48.1596
-44.5548
-39.6069
-34.6589
-29.711
-24.763
-19.7239
-14.6848
-9.6457
-4.6066
0.0293
4.6652
9.3011
13.937
18.1323
22.3277
26.523
30.7184
34.4466
38.1749
41.9031
45.6314
49.6562
53.681
57.7058
61.7307
64.9211
68.1114
71.3018
74.4922
76.3239
78.1556
79.9873
81.8189
83.2327
84.6465
86.0604
87.4742
88.4324
89.3906
90.3488
91.3071
92.6614
94.0157
95.37
96.7243
98.5897
100.455
102.321
104.186
106.471
108.755
111.039
113.323
114.818
116.313
117.808
119.302
119.701
120.099
120.498
120.896
121.151
121.406
121.662
121.917
121.269
120.62
119.971
119.323
118.233
117.144
116.055
114.966
112.695
110.423
108.151
105.879
103.827
101.775
99.7227
97.6704
96.4588
95.2473
94.0357
92.8241
92.1734
91.5227
90.872
90.2213
89.358
88.4946
87.6312
86.7678
85.2735
83.7792
82.2849
80.7906
78.3507
75.9108
73.4708
71.0309
68.7912
66.5514
64.3117
62.0719
60.0632
58.0544
56.0457
54.0369
52.3428
50.6486
48.9545
47.2603
46.0512
44.842
43.6328
42.4237
41.8079
41.1922
40.5765
39.9607
39.6289
39.297
38.9651
38.6332
38.5743
38.5153
38.4564
38.3974
37.6882
36.9791
36.27
35.5608
34.8308
34.1007
33.3706
32.6405
29.9689
27.2973
24.6257
21.9541
18.6112
15.2683
11.9254
8.58248
4.82437
1.06627
-2.69184
-6.44994
-10.6733
-14.8967
-19.1201
-23.3435
-27.6989
-32.0543
-36.4097
-40.7651
-43.3176
-45.8701
-48.4227
-50.9752
-52.3162
-53.6571
-54.998
-56.339
-58.2862
-60.2334
-62.1806
-64.1277
-65.77
-67.4124
-69.0548
-70.6971
-71.2965
-71.896
-72.4955
-73.0949
-73.2215
-73.3481
-73.4747
-73.6013
-73.3937
-73.186
-72.9784
-72.7707
-71.7616
-70.7525
-69.7433
-68.7342
-67.2127
-65.6912
-64.1697
-62.6482
-60.5513
-58.4543
-56.3573
-54.2604
-52.3004
-50.3405
-48.3806
-46.4207
-45.0843
-43.7479
-42.4115
-41.075
-39.9651
-38.8552
-37.7452
-36.6353
-35.5164
-34.3974
-33.2785
-32.1596
-30.5272
-28.8948
-27.2625
-25.6301
-22.5853
-19.5404
-16.4955
-13.4506
-7.24308
-1.03555
5.17198
11.3795
17.8259
24.2723
30.7187
37.165
41.6242
46.0833
50.5424
55.0015
59.0093
63.017
67.0247
71.0325
73.9898
76.947
79.9043
82.8615
83.9668
85.0721
86.1774
87.2827
86.7514
86.2201
85.6887
85.1574
82.6616
80.1659
77.6701
75.1743
69.4783
63.7823
58.0863
52.3902
44.8474
37.3047
29.7619
22.2192
17.103
11.9867
6.87045
1.7542
-0.9747
-3.7036
-6.4325
-9.1614
-9.78215
-10.4029
-11.0236
-11.6443
-10
-8.35577
-6.71151
-5.06725
0.24349
5.55423
10.865
16.1757
22.2238
28.272
34.3201
40.3683
45.0322
49.6962
54.3601
59.024
62.9859
66.9478
70.9097
74.8716
76.8943
78.9169
80.9395
82.9622
82.9945
83.0268
83.0591
83.0915
82.2018
81.312
80.4223
79.5326
78.4142
77.2957
76.1773
75.0589
72.3647
69.6705
66.9763
64.2821
60.963
57.6439
54.3248
51.0057
48.1411
45.2764
42.4118
39.5472
37.3605
35.1738
32.9871
30.8004
29.2431
27.6857
26.1283
24.5709
23.6022
22.6334
21.6647
20.6959
19.7566
18.8173
17.8779
16.9386
15.4776
14.0165
12.5554
11.0943
9.20638
7.31846
5.43054
3.54262
0.888915
-1.76479
-4.4185
-7.07221
-11.0741
-15.0759
-19.0777
-23.0795
-27.3581
-31.6367
-35.9153
-40.1938
-44.2709
-48.3479
-52.4249
-56.5019
-59.6052
-62.7086
-65.8119
-68.9153
-70.8858
-72.8563
-74.8269
-76.7974
-78.3596
-79.9219
-81.4842
-83.0464
-84.2193
-85.3921
-86.5649
-87.7378
-87.8566
-87.9754
-88.0942
-88.213
-87.6382
-87.0635
-86.4888
-85.914
-85.3943
-84.8745
-84.3547
-83.835
-84.1496
-84.4641
-84.7787
-85.0933
-85.6821
-86.2708
-86.8595
-87.4483
-87.7619
-88.0755
-88.3892
-88.7028
-88.9872
-89.2717
-89.5562
-89.8407
-90.1707
-90.5007
-90.8307
-91.1608
-91.588
-92.0152
-92.4424
-92.8697
-93.4095
-93.9493
-94.4891
-95.029
-94.1219
-93.2149
-92.3079
-91.4009
-89.1296
-86.8583
-84.587
-82.3157
-80.7593
-79.2028
-77.6463
-76.0899
-70.5958
-65.1018
-59.6077
-54.1137
-46.1474
-38.1812
-30.215
-22.2488
-16.7719
-11.295
-5.81812
-0.341241
2.35482
5.05088
7.74694
10.443
12.6534
14.8639
17.0743
19.2848
20.0467
20.8086
21.5705
22.3324
22.1645
21.9965
21.8286
21.6607
21.1615
20.6624
20.1632
19.664
19.1238
18.5836
18.0434
17.5032
17.3586
17.214
17.0694
16.9247
16.787
16.6493
16.5116
16.374
16.8732
17.3725
17.8718
18.3711
19.5715
20.772
21.9724
23.1729
25.1548
27.1366
29.1184
31.1002
33.6641
36.2281
38.7921
41.356
45.0045
48.653
52.3015
55.9499
59.617
63.2841
66.9512
70.6183
74.9779
79.3376
83.6973
88.057
93.2318
98.4065
103.581
108.756
112.664
116.572
120.481
124.389
125.54
126.69
127.84
128.99
126.349
123.708
121.067
118.426
110.951
103.476
96.0014
88.5268
81.5255
74.5242
67.5229
60.5217
53.022
45.5223
38.0226
30.5229
24.4391
18.3553
12.2715
6.18762
3.35924
0.530865
-2.29751
-5.12589
-7.12169
-9.11749
-11.1133
-13.1091
-14.4778
-15.8465
-17.2152
-18.5839
-19.6107
-20.6374
-21.6641
-22.6909
-23.6112
-24.5314
-25.4517
-26.3719
-27.3629
-28.354
-29.3451
-30.3361
-31.079
-31.8219
-32.5648
-33.3077
-33.5437
-33.7797
-34.0157
-34.2517
-33.5807
-32.9098
-32.2389
-31.568
-30.2853
-29.0025
-27.7198
-26.437
-24.8503
-23.2636
-21.6769
-20.0901
-18.4967
-16.9033
-15.3099
-13.7164
-12.2395
-10.7626
-9.28573
-7.80886
-6.89697
-5.98508
-5.0732
-4.16131
-3.94028
-3.71925
-3.49822
-3.27719
-3.48289
-3.68859
-3.89429
-4.09998
-4.54914
-4.9983
-5.44745
-5.89661
-6.41099
-6.92538
-7.43976
-7.95415
-8.48184
-9.00953
-9.53721
-10.0649
-10.7382
-11.4114
-12.0847
-12.758
-13.6714
-14.5848
-15.4982
-16.4117
-17.3226
-18.2336
-19.1445
-20.0554
-21.2197
-22.384
-23.5483
-24.7126
-26.1233
-27.534
-28.9447
-30.3554
-31.6561
-32.9569
-34.2577
-35.5585
-37.2182
-38.878
-40.5378
-42.1975
-43.434
-44.6706
-45.9072
-47.1437
-47.8254
-48.5071
-49.1887
-49.8704
-50.0228
-50.1753
-50.3278
-50.4803
-49.7602
-49.0401
-48.3201
-47.6
-45.5594
-43.5188
-41.4782
-39.4376
-36.5208
-33.604
-30.6872
-27.7704
-25.3768
-22.9832
-20.5896
-18.1961
-16.7385
-15.2809
-13.8233
-12.3657
-11.4011
-10.4364
-9.47172
-8.50705
-7.98341
-7.45977
-6.93614
-6.4125
-6.52719
-6.64188
-6.75657
-6.87126
-7.31542
-7.75958
-8.20374
-8.64791
-9.29396
-9.94
-10.5861
-11.2321
-11.8327
-12.4332
-13.0338
-13.6343
-14.1351
-14.636
-15.1368
-15.6377
-15.7203
-15.8029
-15.8855
-15.9682
-15.5117
-15.0553
-14.5989
-14.1424
-13.3029
-12.4635
-11.6241
-10.7846
-9.47605
-8.16751
-6.85896
-5.55041
-4.29041
-3.03041
-1.7704
-0.5104
0.416375
1.34315
2.26992
3.19669
3.63779
4.07888
4.51997
4.96106
4.72588
4.4907
4.25552
4.02034
3.51844
3.01655
2.51466
2.01276
1.42386
0.83495
0.246045
-0.34286
-0.79472
-1.24658
-1.69843
-2.15029
-2.3966
-2.64291
-2.88922
-3.13553
-3.2214
-3.30727
-3.39314
-3.47901
-3.76286
-4.04671
-4.33056
-4.6144
-4.92833
-5.24225
-5.55617
-5.8701
-6.53369
-7.19728
-7.86087
-8.52446
-9.34188
-10.1593
-10.9767
-11.7942
-13.153
-14.5117
-15.8705
-17.2293
-18.4483
-19.6672
-20.8862
-22.1052
-23.7786
-25.4521
-27.1256
-28.799
-30.7176
-32.6362
-34.5548
-36.4734
-37.3547
-38.236
-39.1172
-39.9985
-40.1863
-40.374
-40.5618
-40.7496
-40.1864
-39.6231
-39.0599
-38.4967
-37.3211
-36.1455
-34.9699
-33.7943
-31.6611
-29.528
-27.3948
-25.2617
-23.6759
-22.09
-20.5041
-18.9182
-18.2904
-17.6626
-17.0348
-16.4069
-16.4586
-16.5102
-16.5619
-16.6136
-17.3396
-18.0657
-18.7918
-19.5178
-20.5572
-21.5966
-22.636
-23.6753
-24.5059
-25.3366
-26.1673
-26.998
-27.3039
-27.6097
-27.9156
-28.2214
-27.6447
-27.068
-26.4913
-25.9145
-24.0555
-22.1964
-20.3374
-18.4783
-15.754
-13.0298
-10.3056
-7.58135
-4.37504
-1.16873
2.03758
5.24389
7.9779
10.7119
13.446
16.18
18.8512
21.5224
24.1936
26.8649
28.7674
30.6698
32.5722
34.4747
36.079
37.6834
39.2878
40.8921
41.9009
42.9097
43.9185
44.9273
45.7313
46.5352
47.3392
48.1431
48.7961
49.4491
50.1021
50.7551
51.4128
52.0706
52.7283
53.3861
53.6767
53.9674
54.258
54.5487
54.5762
54.6037
54.6313
54.6588
54.0025
53.3462
52.6899
52.0336
50.2997
48.5658
46.8319
45.0979
40.5703
36.0427
31.5151
26.9875
20.655
14.3225
7.99003
1.65755
-3.91441
-9.48637
-15.0583
-20.6303
-24.2383
-27.8462
-31.4541
-35.0621
-37.4748
-39.8874
-42.3
-44.7127
-46.003
-47.2933
-48.5836
-49.8739
-50.3925
-50.9111
-51.4297
-51.9483
-51.6046
-51.2608
-50.9171
-50.5733
-49.5338
-48.4943
-47.4548
-46.4153
-44.441
-42.4667
-40.4924
-38.5181
-34.9938
-31.4696
-27.9453
-24.4211
-19.4842
-14.5474
-9.61052
-4.67365
-0.07446
4.52473
9.12392
13.7231
16.9412
20.1592
23.3773
26.5953
29.1656
31.7359
34.3062
36.8765
39.0378
41.1992
43.3605
45.5218
47.1299
48.7379
50.346
51.9541
52.7278
53.5014
54.275
55.0486
54.7071
54.3657
54.0243
53.6829
52.1671
50.6513
49.1355
47.6197
43.3171
39.0145
34.7119
30.4093
24.8004
19.1915
13.5826
7.97364
2.52878
-2.91608
-8.36094
-13.8058
-17.4538
-21.1018
-24.7498
-28.3978
-30.3351
-32.2724
-34.2097
-36.147
-37.0341
-37.9213
-38.8084
-39.6955
-39.5752
-39.4548
-39.3345
-39.2141
-37.5086
-35.803
-34.0975
-32.392
-28.6755
-24.959
-21.2424
-17.5259
-13.5226
-9.51925
-5.51593
-1.51261
0.66324
2.83909
5.01494
7.19079
8.13377
9.07674
10.0197
10.9627
10.5728
10.183
9.79319
9.40338
7.84577
6.28817
4.73057
3.17297
0.987665
-1.19764
-3.38294
-5.56824
-7.4001
-9.23197
-11.0638
-12.8957
-14.1751
-15.4545
-16.7339
-18.0133
-18.1953
-18.3772
-18.5591
-18.7411
-18.0673
-17.3935
-16.7197
-16.0459
-13.7536
-11.4613
-9.16897
-6.87663
-4.01424
-1.15186
1.71052
4.5729
7.04017
9.50745
11.9747
14.442
16.6773
18.9125
21.1478
23.383
24.9452
26.5074
28.0697
29.6319
30.6404
31.6488
32.6573
33.6657
34.4365
35.2073
35.978
36.7488
37.4262
38.1035
38.7808
39.4581
40.3458
41.2335
42.1212
43.0089
44.0506
45.0922
46.1338
47.1754
48.365
49.5545
50.7441
51.9336
53.1964
54.4592
55.722
56.9848
58.1767
59.3687
60.5607
61.7527
62.5237
63.2946
64.0655
64.8364
64.9333
65.0302
65.1271
65.224
64.4399
63.6557
62.8715
62.0873
60.3058
58.5243
56.7428
54.9614
51.947
48.9325
45.918
42.9035
39.557
36.2104
32.8638
29.5173
26.1576
22.7978
19.4381
16.0784
13.7579
11.4374
9.11687
6.79634
5.62378
4.45121
3.27865
2.10609
1.39743
0.688771
-0.0198885
-0.728548
-0.315695
0.097158
0.510011
0.922864
1.97848
3.0341
4.08972
5.14534
7.10888
9.07242
11.036
12.9995
14.4127
15.8259
17.2391
18.6523
19.3004
19.9485
20.5966
21.2446
21.3577
21.4709
21.5841
21.6973
21.2763
20.8553
20.4343
20.0133
19.4454
18.8775
18.3097
17.7418
17.2399
16.738
16.2361
15.7342
15.3339
14.9335
14.5331
14.1327
13.9496
13.7664
13.5833
13.4002
13.4047
13.4092
13.4137
13.4181
13.4415
13.4648
13.4882
13.5115
13.5823
13.653
13.7237
13.7944
13.5728
13.3512
13.1296
12.908
12.5385
12.169
11.7995
11.43
10.584
9.73795
8.89193
8.0459
6.99132
5.93673
4.88214
3.82756
2.46122
1.09488
-0.27146
-1.6378
-2.95451
-4.27122
-5.58793
-6.90465
-8.29706
-9.68947
-11.0819
-12.4743
-14.0793
-15.6843
-17.2893
-18.8943
-20.5391
-22.184
-23.8289
-25.4737
-27.1595
-28.8452
-30.531
-32.2167
-33.8378
-35.4589
-37.08
-38.7011
-39.8417
-40.9822
-42.1227
-43.2633
-43.5585
-43.8537
-44.1489
-44.444
-44.2046
-43.9652
-43.7258
-43.4864
-42.2066
-40.9267
-39.6469
-38.3671
-35.837
-33.3068
-30.7767
-28.2466
-25.6068
-22.967
-20.3272
-17.6874
-15.1207
-12.554
-9.98727
-7.42054
-6.07373
-4.72692
-3.38011
-2.0333
-1.74219
-1.45107
-1.15995
-0.868836
-0.827297
-0.785757
-0.744217
-0.702678
-0.866149
-1.02962
-1.1931
-1.35657
-1.13685
-0.917134
-0.697416
-0.477698
0.0446515
0.567001
1.08935
1.6117
2.23714
2.86259
3.48804
4.11349
4.5338
4.95412
5.37444
5.79475
5.98353
6.17231
6.3611
6.54988
6.27441
5.99894
5.72347
5.448
5.0275
4.60701
4.18652
3.76602
3.23509
2.70416
2.17323
1.6423
1.13183
0.621351
0.110876
-0.399599
-0.672642
-0.945685
-1.21873
-1.49177
-1.65983
-1.82788
-1.99594
-2.16399
-2.58519
-3.00638
-3.42757
-3.84876
-4.63781
-5.42687
-6.21592
-7.00497
-8.12823
-9.25148
-10.3747
-11.498
-13.0032
-14.5083
-16.0134
-17.5185
-18.7634
-20.0083
-21.2532
-22.4981
-23.2236
-23.9492
-24.6748
-25.4003
-25.6394
-25.8785
-26.1176
-26.3567
-25.9981
-25.6395
-25.2809
-24.9223
-23.8751
-22.8278
-21.7805
-20.7333
-19.1829
-17.6326
-16.0823
-14.5319
-12.7941
-11.0563
-9.31851
-7.58073
-6.52586
-5.47099
-4.41612
-3.36125
-2.72343
-2.08561
-1.44779
-0.809979
-0.349295
0.11139
0.572075
1.03276
1.34118
1.6496
1.95802
2.26644
2.66838
3.07032
3.47226
3.8742
4.38476
4.89531
5.40587
5.91642
6.30007
6.68373
7.06738
7.45104
7.89354
8.33604
8.77854
9.22104
9.50168
9.78232
10.063
10.3436
9.9168
9.49
9.0632
8.6364
7.76366
6.89091
6.01816
5.14542
3.81121
2.47701
1.1428
-0.191401
-1.39204
-2.59268
-3.79331
-4.99395
-5.85003
-6.7061
-7.56217
-8.41824
-8.7503
-9.08235
-9.41441
-9.74646
-9.74325
-9.74004
-9.73682
-9.73361
-8.94131
-8.14902
-7.35673
-6.56443
-5.36105
-4.15767
-2.9543
-1.75092
-0.925473
-0.100025
0.725422
1.55087
1.93175
2.31263
2.69351
3.0744
2.57184
2.06928
1.56672
1.06416
0.06008
-0.944
-1.94808
-2.95216
-4.07163
-5.1911
-6.31057
-7.43004
-7.97697
-8.5239
-9.07083
-9.61777
-9.67477
-9.73177
-9.78877
-9.84578
-9.57984
-9.31391
-9.04798
-8.78204
-8.22099
-7.65994
-7.09889
-6.53784
-5.3128
-4.08776
-2.86272
-1.63768
0.021865
1.68141
3.34096
5.00051
6.20648
7.41244
8.6184
9.82436
10.4093
10.9942
11.5791
12.1641
11.6651
11.166
10.667
10.168
8.41513
6.66226
4.90939
3.15651
0.916985
-1.32254
-3.56206
-5.80158
-8.08914
-10.3767
-12.6643
-14.9519
-17.21
-19.4681
-21.7262
-23.9842
-25.9014
-27.8186
-29.7358
-31.653
-32.7192
-33.7854
-34.8517
-35.9179
-36.4275
-36.9372
-37.4468
-37.9565
-38.047
-38.1375
-38.228
-38.3184
-37.9048
-37.4911
-37.0775
-36.6639
-35.5572
-34.4504
-33.3436
-32.2369
-30.6
-28.9631
-27.3262
-25.6893
-24.12
-22.5507
-20.9814
-19.4121
-18.0882
-16.7644
-15.4405
-14.1166
-13.5396
-12.9625
-12.3855
-11.8084
-11.6934
-11.5783
-11.4632
-11.3481
-11.4202
-11.4922
-11.5642
-11.6362
-11.7193
-11.8024
-11.8855
-11.9686
-11.9207
-11.8728
-11.8249
-11.7769
-11.6361
-11.4952
-11.3544
-11.2135
-10.8769
-10.5402
-10.2036
-9.86693
-9.56902
-9.27112
-8.97321
-8.67531
-8.22196
-7.76861
-7.31527
-6.86192
-6.24444
-5.62697
-5.00949
-4.39202
-3.31135
-2.23069
-1.15002
-0.0693565
1.64102
3.35139
5.06177
6.77214
8.57342
10.3747
12.176
13.9773
15.6115
17.2458
18.8801
20.5144
22.07
23.6256
25.1812
26.7368
28.2016
29.6664
31.1311
32.5959
33.9535
35.311
36.6685
38.026
39.0497
40.0734
41.097
42.1207
42.9013
43.6819
44.4625
45.2431
45.5773
45.9115
46.2456
46.5798
46.4731
46.3663
46.2596
46.1529
45.7589
45.365
44.9711
44.5772
44.0104
43.4437
42.877
42.3102
41.6393
40.9683
40.2973
39.6264
38.7559
37.8854
37.0149
36.1445
34.2116
32.2786
30.3456
28.4126
25.825
23.2373
20.6497
18.0621
15.6285
13.1949
10.7613
8.32772
5.91262
3.49752
1.08242
-1.33268
-2.92356
-4.51443
-6.1053
-7.69618
-8.20417
-8.71217
-9.22017
-9.72816
-9.97728
-10.2264
-10.4756
-10.7247
-10.8514
-10.978
-11.1046
-11.2312
-11.319
-11.4068
-11.4946
-11.5824
-11.8373
-12.0921
-12.3469
-12.6017
-12.8793
-13.157
-13.4347
-13.7123
-13.956
-14.1997
-14.4433
-14.687
-14.5575
-14.4281
-14.2987
-14.1692
-13.5966
-13.0239
-12.4513
-11.8786
-10.8812
-9.88384
-8.88645
-7.88907
-6.8496
-5.81012
-4.77065
-3.73117
-2.76197
-1.79276
-0.823552
0.145656
0.700223
1.25479
1.80936
2.36392
2.3938
2.42368
2.45357
2.48345
2.1148
1.74614
1.37749
1.00883
0.000275
-1.00828
-2.01683
-3.02538
-4.30275
-5.58012
-6.8575
-8.13487
-9.49329
-10.8517
-12.2101
-13.5685
-14.9364
-16.3042
-17.672
-19.0398
-20.1054
-21.1709
-22.2364
-23.302
-23.5928
-23.8837
-24.1746
-24.4654
-23.779
-23.0927
-22.4064
-21.72
-19.6691
-17.6182
-15.5673
-13.5163
-10.7912
-8.06617
-5.34111
-2.61605
-0.18012
2.25581
4.69174
7.12768
9.39804
11.6684
13.9388
16.2092
17.3813
18.5534
19.7255
20.8977
20.9003
20.9029
20.9055
20.9081
20.3623
19.8166
19.2709
18.7251
17.5562
16.3874
15.2185
14.0496
12.6688
11.2881
9.90736
8.52662
7.59006
6.6535
5.71694
4.78038
4.50601
4.23163
3.95726
3.68288
3.93329
4.1837
4.43412
4.68453
5.55764
6.43076
7.30387
8.17699
9.44114
10.7053
11.9694
13.2336
14.3606
15.4875
16.6144
17.7414
18.5814
19.4214
20.2614
21.1014
22.0252
22.949
23.8728
24.7966
25.362
25.9273
26.4926
27.058
27.6324
28.2068
28.7812
29.3556
29.7523
30.1489
30.5455
30.9422
31.1901
31.4381
31.686
31.9339
32.2892
32.6446
33
33.3554
33.832
34.3085
34.785
35.2615
35.516
35.7704
36.0249
36.2794
36.3113
36.3431
36.3749
36.4068
35.8795
35.3522
34.8249
34.2976
32.8394
31.3812
29.923
28.4647
26.1595
23.8544
21.5492
19.244
16.8064
14.3687
11.9311
9.49344
7.77135
6.04926
4.32717
2.60508
1.64736
0.689645
-0.268073
-1.22579
-1.68392
-2.14205
-2.60018
-3.05831
-3.13286
-3.2074
-3.28194
-3.35649
-2.9291
-2.50172
-2.07434
-1.64695
-1.01664
-0.386338
0.243968
0.874275
1.39846
1.92264
2.44683
2.97101
2.98599
3.00096
3.01593
3.03091
2.46279
1.89466
1.32653
0.758409
-0.402545
-1.5635
-2.72445
-3.8854
-4.96199
-6.03858
-7.11517
-8.19177
-9.10034
-10.0089
-10.9175
-11.826
-12.4741
-13.1221
-13.7701
-14.4181
-14.7917
-15.1652
-15.5388
-15.9123
-15.9498
-15.9873
-16.0248
-16.0623
-15.7102
-15.3581
-15.006
-14.6538
-14.1671
-13.6805
-13.1939
-12.7072
-12.322
-11.9367
-11.5514
-11.1661
-10.9117
-10.6573
-10.4029
-10.1485
-10.0846
-10.0207
-9.95684
-9.89299
-10.049
-10.2051
-10.3612
-10.5172
-10.7404
-10.9637
-11.1869
-11.4101
-11.4805
-11.5509
-11.6213
-11.6916
-11.7123
-11.7329
-11.7536
-11.7743
-12.0309
-12.2875
-12.544
-12.8006
-12.9023
-13.004
-13.1058
-13.2075
-13.365
-13.5225
-13.6801
-13.8376
-14.1061
-14.3746
-14.6431
-14.9116
-15.2964
-15.6811
-16.0658
-16.4505
-17.0406
-17.6307
-18.2208
-18.8109
-19.5031
-20.1952
-20.8873
-21.5795
-22.3249
-23.0703
-23.8156
-24.561
-25.0902
-25.6195
-26.1488
-26.678
-26.73
-26.782
-26.834
-26.8861
-26.0755
-25.2649
-24.4543
-23.6437
-21.4964
-19.3492
-17.202
-15.0547
-12.3535
-9.65234
-6.95116
-4.24998
-1.79877
0.652435
3.10364
5.55485
7.26412
8.97338
10.6826
12.3919
12.8866
13.3813
13.876
14.3706
13.9842
13.5977
13.2112
12.8247
11.5939
10.363
9.13211
7.90123
6.16769
4.43415
2.70061
0.967073
-0.432383
-1.83184
-3.2313
-4.63076
-5.14649
-5.66223
-6.17797
-6.6937
-6.31162
-5.92955
-5.54748
-5.16541
-4.0494
-2.93339
-1.81738
-0.701362
0.493229
1.68782
2.88241
4.07701
5.14375
6.21049
7.27723
8.34397
8.79335
9.24273
9.69212
10.1415
9.99774
9.85397
9.7102
9.56643
8.80514
8.04386
7.28257
6.52128
5.52374
4.52621
3.52867
2.53114
1.20843
-0.11428
-1.43699
-2.7597
-3.84382
-4.92794
-6.01206
-7.09619
-7.91496
-8.73374
-9.55252
-10.3713
-11.1905
-12.0096
-12.8287
-13.6478
-14.343
-15.0381
-15.7333
-16.4284
-17.1529
-17.8773
-18.6018
-19.3262
-19.9646
-20.6029
-21.2412
-21.8795
-22.4072
-22.9348
-23.4624
-23.99
-24.0527
-24.1153
-24.178
-24.2407
-23.774
-23.3073
-22.8406
-22.3739
-21.7031
-21.0323
-20.3615
-19.6907
-18.8248
-17.959
-17.0931
-16.2272
-15.0821
-13.937
-12.7919
-11.6468
-10.753
-9.85923
-8.96544
-8.07165
-7.36811
-6.66458
-5.96105
-5.25751
-5.11482
-4.97214
-4.82945
-4.68677
-4.87955
-5.07233
-5.26511
-5.45789
-5.99819
-6.5385
-7.0788
-7.6191
-8.37293
-9.12675
-9.88058
-10.6344
-11.1463
-11.6582
-12.1702
-12.6821
-12.9674
-13.2526
-13.5379
-13.8232
-13.9424
-14.0615
-14.1806
-14.2997
-14.0885
-13.8773
-13.6661
-13.4548
-13.1672
-12.8796
-12.592
-12.3043
-12.0095
-11.7147
-11.4199
-11.1251
-10.8617
-10.5983
-10.3348
-10.0714
-9.86252
-9.65363
-9.44475
-9.23586
-8.92417
-8.61247
-8.30077
-7.98908
-7.52782
-7.06656
-6.6053
-6.14404
-5.4952
-4.84635
-4.1975
-3.54866
-2.58972
-1.63078
-0.67184
0.287099
1.27896
2.27083
3.2627
4.25457
5.14481
6.03505
6.9253
7.81554
8.4554
9.09527
9.73513
10.375
10.8089
11.2429
11.6768
12.1107
12.2481
12.3856
12.5231
12.6605
12.348
12.0354
11.7228
11.4103
10.7848
10.1593
9.53384
8.90838
8.21425
7.52011
6.82597
6.13184
5.42264
4.71344
4.00424
3.29503
2.70805
2.12106
1.53408
0.947093
0.762137
0.577182
0.392226
0.20727
0.436157
0.665045
0.893933
1.12282
1.68535
2.24789
2.81043
3.37296
4.06099
4.74901
5.43703
6.12505
6.75465
7.38426
8.01387
8.64347
9.133
9.62253
10.1121
10.6016
10.8679
11.1342
11.4005
11.6668
11.7577
11.8485
11.9394
12.0303
11.8193
11.6083
11.3973
11.1863
10.6599
10.1335
9.60708
9.08065
8.46861
7.85656
7.24452
6.63248
5.99886
5.36523
4.7316
4.09797
3.57824
3.0585
2.53876
2.01903
1.83748
1.65592
1.47437
1.29282
1.2082
1.12358
1.03896
0.954346
0.754995
0.555644
0.356293
0.156942
0.0613445
-0.034253
-0.129851
-0.225448
-0.222613
-0.219778
-0.216944
-0.214109
-0.245212
-0.276314
-0.307416
-0.338519
-0.302027
-0.265535
-0.229043
-0.192551
-0.096749
-0.000947
0.094855
0.190657
0.565418
0.940178
1.31494
1.6897
2.06852
2.44734
2.82617
3.20499
3.55176
3.89852
4.24529
4.59205
5.02544
5.45883
5.89222
6.32561
6.50688
6.68815
6.86942
7.05068
6.79896
6.54724
6.29552
6.0438
5.71021
5.37662
5.04303
4.70943
4.18403
3.65863
3.13323
2.60783
1.71134
0.81486
-0.0816245
-0.978109
-2.1928
-3.4075
-4.6222
-5.8369
-7.06088
-8.28485
-9.50882
-10.7328
-11.6593
-12.5857
-13.5121
-14.4386
-15.2292
-16.0197
-16.8103
-17.6008
-18.1148
-18.6288
-19.1427
-19.6567
-19.9049
-20.1531
-20.4012
-20.6494
-20.7019
-20.7544
-20.8069
-20.8594
-20.7743
-20.6893
-20.6042
-20.5191
-20.499
-20.4789
-20.4588
-20.4387
-20.3653
-20.292
-20.2186
-20.1452
-19.9035
-19.6619
-19.4203
-19.1787
-18.7113
-18.2439
-17.7765
-17.309
-16.4096
-15.5102
-14.6108
-13.7115
-12.4152
-11.1188
-9.82246
-8.52612
-6.95961
-5.3931
-3.82658
-2.26007
-0.83027
0.59953
2.02933
3.45913
4.77341
6.08768
7.40195
8.71623
9.87167
11.0271
12.1825
13.3379
14.3004
15.2628
16.2252
17.1876
17.767
18.3464
18.9258
19.5051
19.8235
20.1418
20.4601
20.7784
21.1215
21.4647
21.8079
22.151
22.3357
22.5205
22.7052
22.8899
22.9319
22.9738
23.0157
23.0576
23.0603
23.0629
23.0656
23.0682
22.8052
22.5421
22.2791
22.0161
21.3623
20.7086
20.0548
19.401
18.5952
17.7893
16.9835
16.1776
15.3376
14.4976
13.6576
12.8175
12.001
11.1845
10.368
9.55157
8.89765
8.24372
7.5898
6.93588
6.40753
5.87918
5.35084
4.82249
4.64912
4.47574
4.30237
4.129
4.20797
4.28695
4.36593
4.44491
4.67798
4.91106
5.14414
5.37721
5.73642
6.09563
6.45484
6.81406
7.24279
7.67152
8.10025
8.52898
9.03921
9.54944
10.0597
10.5699
10.9775
11.3851
11.7927
12.2002
12.3772
12.5542
12.7312
12.9082
12.9479
12.9875
13.0271
13.0667
12.8509
12.635
12.4191
12.2032
11.4925
10.7817
10.0709
9.36019
8.40816
7.45613
6.5041
5.55207
4.43795
3.32382
2.2097
1.09558
-0.10954
-1.31466
-2.51978
-3.7249
-4.76775
-5.81061
-6.85346
-7.89632
-8.79617
-9.69601
-10.5959
-11.4957
-12.2037
-12.9117
-13.6197
-14.3277
-14.8239
-15.3201
-15.8163
-16.3125
-16.5763
-16.8402
-17.1041
-17.3679
-17.1456
-16.9233
-16.7011
-16.4788
-16.0995
-15.7202
-15.3409
-14.9616
-14.5334
-14.1051
-13.6768
-13.2485
-13.0329
-12.8172
-12.6016
-12.3859
-12.2223
-12.0587
-11.8951
-11.7314
-11.7116
-11.6917
-11.6718
-11.652
-11.7119
-11.7718
-11.8317
-11.8915
-11.7602
-11.6289
-11.4976
-11.3663
-11.1192
-10.872
-10.6248
-10.3776
-10.2714
-10.1652
-10.059
-9.95289
-10.0879
-10.223
-10.3581
-10.4932
-10.8404
-11.1875
-11.5346
-11.8818
-12.3165
-12.7512
-13.1859
-13.6206
-13.944
-14.2673
-14.5907
-14.914
-15.2354
-15.5568
-15.8782
-16.1995
-16.3801
-16.5607
-16.7413
-16.9218
-16.8105
-16.6992
-16.5879
-16.4765
-15.96
-15.4434
-14.9268
-14.4102
-13.6351
-12.8599
-12.0847
-11.3095
-10.281
-9.25244
-8.22391
-7.19539
-5.8291
-4.46281
-3.09652
-1.73023
-0.625947
0.478335
1.58262
2.6869
3.28344
3.87999
4.47654
5.07308
5.20928
5.34548
5.48168
5.61788
5.61482
5.61177
5.60871
5.60565
5.63333
5.66102
5.6887
5.71639
5.72835
5.74032
5.75228
5.76425
6.03998
6.31571
6.59144
6.86717
7.27414
7.68111
8.08808
8.49505
9.09501
9.69497
10.2949
10.8949
11.5623
12.2297
12.8972
13.5646
14.033
14.5014
14.9698
15.4381
15.7151
15.9921
16.2691
16.5461
16.5684
16.5908
16.6131
16.6354
16.3659
16.0964
15.8269
15.5573
15.3745
15.1917
15.0089
14.8261
14.5126
14.1991
13.8856
13.5721
13.1588
12.7454
12.332
11.9187
11.3752
10.8318
10.2884
9.74492
9.09192
8.43891
7.7859
7.13289
6.51727
5.90165
5.28603
4.67041
4.16944
3.66847
3.16751
2.66654
2.35405
2.04155
1.72906
1.41657
1.06121
0.705842
0.350478
-0.00488545
-0.522443
-1.04
-1.55756
-2.07512
-2.88469
-3.69425
-4.50381
-5.31337
-5.98532
-6.65728
-7.32924
-8.0012
-8.5928
-9.1844
-9.776
-10.3676
-10.8903
-11.4129
-11.9355
-12.4582
-12.9547
-13.4512
-13.9477
-14.4442
-14.7924
-15.1406
-15.4888
-15.837
-15.8996
-15.9622
-16.0248
-16.0874
-16.0733
-16.0592
-16.0451
-16.031
-15.899
-15.767
-15.6351
-15.5031
-15.1003
-14.6975
-14.2947
-13.8918
-13.2145
-12.5372
-11.8599
-11.1825
-10.3562
-9.52986
-8.70354
-7.87722
-7.13599
-6.39476
-5.65353
-4.91231
-4.17315
-3.43399
-2.69483
-1.95567
-1.44793
-0.940197
-0.432461
0.0752758
0.673643
1.27201
1.87038
2.46875
2.88893
3.30911
3.72929
4.14946
4.42098
4.69251
4.96403
5.23555
5.33829
5.44103
5.54378
5.64652
5.4237
5.20087
4.97804
4.75521
4.55613
4.35705
4.15797
3.95889
3.737
3.51512
3.29324
3.07136
2.94892
2.82647
2.70403
2.58158
2.72072
2.85986
2.999
3.13814
3.45712
3.7761
4.09508
4.41406
4.86847
5.32288
5.77729
6.2317
6.69533
7.15895
7.62257
8.0862
8.37303
8.65986
8.94669
9.23351
9.27186
9.3102
9.34855
9.3869
9.41336
9.43982
9.46628
9.49274
9.58156
9.67038
9.7592
9.84802
9.99786
10.1477
10.2976
10.4474
10.4698
10.4921
10.5145
10.5369
10.8249
11.1129
11.4009
11.6888
11.8426
11.9965
12.1504
12.3042
12.3998
12.4954
12.5909
12.6865
12.7927
12.8989
13.0051
13.1113
12.7779
12.4444
12.1109
11.7774
10.842
9.90653
8.9711
8.03567
6.91033
5.78498
4.65964
3.5343
2.62598
1.71766
0.80934
-0.0989801
-0.58
-1.06102
-1.54204
-2.02306
-1.84024
-1.65743
-1.47462
-1.2918
-0.698965
-0.10613
0.486705
1.07954
1.77237
2.46519
3.15802
3.85085
4.62958
5.40832
6.18706
6.96579
7.5698
8.1738
8.77781
9.38181
9.95921
10.5366
11.1139
11.6913
11.9239
12.1565
12.3891
12.6217
12.5677
12.5136
12.4595
12.4054
12.0761
11.7468
11.4175
11.0881
10.7501
10.412
10.0739
9.73588
9.33657
8.93725
8.53794
8.13862
7.53201
6.9254
6.31879
5.71218
5.10248
4.49277
3.88306
3.27335
2.80198
2.33061
1.85924
1.38787
1.21106
1.03424
0.857425
0.680611
0.712247
0.743882
0.775518
0.807153
1.01442
1.22169
1.42896
1.63622
1.86843
2.10065
2.33286
2.56507
2.65571
2.74636
2.83701
2.92766
2.74675
2.56584
2.38494
2.20403
1.93579
1.66755
1.39931
1.13107
0.674627
0.218184
-0.23826
-0.694703
-1.30788
-1.92106
-2.53423
-3.14741
-3.76134
-4.37528
-4.98921
-5.60314
-6.20927
-6.81541
-7.42155
-8.02768
-8.62226
-9.21684
-9.81142
-10.406
-10.6211
-10.8361
-11.0512
-11.2662
-11.2289
-11.1915
-11.1541
-11.1167
-10.7393
-10.3618
-9.98438
-9.60696
-9.17674
-8.74651
-8.31629
-7.88606
-7.50677
-7.12749
-6.74821
-6.36892
-6.38248
-6.39604
-6.4096
-6.42316
-6.85507
-7.28698
-7.71889
-8.15081
-8.67781
-9.20481
-9.73181
-10.2588
-10.6644
-11.07
-11.4756
-11.8812
-12.2847
-12.6882
-13.0917
-13.4951
-13.6757
-13.8563
-14.0369
-14.2176
-14.3452
-14.4728
-14.6004
-14.7281
-14.5812
-14.4342
-14.2873
-14.1403
-13.683
-13.2257
-12.7684
-12.3111
-11.3418
-10.3724
-9.403
-8.4336
-7.1117
-5.78979
-4.46788
-3.14598
-1.93471
-0.72343
0.487845
1.69912
2.48628
3.27343
4.06058
4.84774
5.15053
5.45331
5.7561
6.05889
6.07358
6.08828
6.10298
6.11768
5.91136
5.70503
5.4987
5.29237
4.83162
4.37087
3.91012
3.44936
2.86735
2.28533
1.70332
1.12131
0.714461
0.307611
-0.0992385
-0.506088
-0.527436
-0.548785
-0.570134
-0.591483
-0.292494
0.0064945
0.305483
0.604472
1.12942
1.65437
2.17931
2.70426
3.2781
3.85194
4.42578
4.99963
5.48259
5.96554
6.44849
6.93144
7.10644
7.28143
7.45642
7.63141
7.58759
7.54377
7.49995
7.45613
7.14354
6.83094
6.51835
6.20576
5.52759
4.84941
4.17123
3.49305
2.73119
1.96933
1.20747
0.445606
-0.278742
-1.00309
-1.72744
-2.45179
-3.27951
-4.10723
-4.93495
-5.76267
-6.4655
-7.16833
-7.87116
-8.57399
-9.08569
-9.59739
-10.1091
-10.6208
-10.8273
-11.0338
-11.2403
-11.4468
-11.3108
-11.1749
-11.039
-10.9031
-10.4402
-9.97724
-9.51431
-9.05139
-8.43529
-7.81918
-7.20308
-6.58697
-5.86588
-5.14478
-4.42369
-3.7026
-2.88155
-2.06051
-1.23947
-0.418424
0.279137
0.976698
1.67426
2.37182
3.05658
3.74134
4.4261
5.11087
5.68336
6.25585
6.82834
7.40082
8.00164
8.60246
9.20328
9.80409
10.2838
10.7635
11.2433
11.723
12.0647
12.4064
12.7481
13.0898
13.1611
13.2324
13.3037
13.375
13.2575
13.14
13.0225
12.905
12.5792
12.2534
11.9276
11.6018
11.3315
11.0611
10.7907
10.5204
10.4181
10.3158
10.2135
10.1111
10.1184
10.1256
10.1329
10.1401
10.1845
10.2289
10.2733
10.3176
10.2144
10.1113
10.0081
9.90499
9.57282
9.24066
8.9085
8.57634
8.08232
7.5883
7.09427
6.60025
5.96801
5.33577
4.70354
4.0713
3.62122
3.17114
2.72106
2.27098
2.02796
1.78494
1.54192
1.2989
1.32767
1.35644
1.38522
1.41399
1.69653
1.97908
2.26163
2.54417
2.97813
3.41209
3.84605
4.28001
4.59905
4.9181
5.23715
5.5562
5.82235
6.0885
6.35464
6.62079
6.68048
6.74016
6.79985
6.85953
6.83022
6.80091
6.77161
6.7423
6.68317
6.62403
6.56489
6.50576
6.45218
6.39859
6.345
6.29141
6.3759
6.4604
6.5449
6.6294
6.69827
6.76713
6.83599
6.90485
6.96277
7.0207
7.07863
7.13656
7.01014
6.88371
6.75728
6.63086
6.54159
6.45232
6.36304
6.27377
6.20695
6.14014
6.07332
6.00651
5.99789
5.98926
5.98063
5.972
6.03095
6.08989
6.14883
6.20777
6.23686
6.26594
6.29502
6.32411
6.28349
6.24287
6.20226
6.16164
6.16725
6.17286
6.17847
6.18407
6.1469
6.10973
6.07255
6.03538
5.95982
5.88426
5.8087
5.73314
5.45727
5.18141
4.90555
4.62968
4.45874
4.2878
4.11686
3.94592
3.68889
3.43185
3.17481
2.91777
2.60036
2.28294
1.96553
1.64811
1.08523
0.522352
-0.0405275
-0.603407
-1.2364
-1.8694
-2.50239
-3.13539
-3.56602
-3.99666
-4.4273
-4.85793
-5.11632
-5.37472
-5.63312
-5.89152
-5.62856
-5.36559
-5.10263
-4.83967
-4.31429
-3.78892
-3.26354
-2.73816
-2.23217
-1.72618
-1.22019
-0.714204
-0.393431
-0.0726585
0.248114
0.568887
0.641112
0.713337
0.785562
0.857788
0.963259
1.06873
1.1742
1.27968
1.19009
1.10051
1.01093
0.921343
0.902257
0.883172
0.864086
0.845
0.913963
0.982925
1.05189
1.12085
1.27644
1.43202
1.5876
1.74319
1.65077
1.55836
1.46594
1.37352
1.15682
0.940111
0.723407
0.506702
0.175887
-0.154929
-0.485745
-0.81656
-1.29467
-1.77277
-2.25087
-2.72898
-3.118
-3.50702
-3.89604
-4.28506
-4.38663
-4.48819
-4.58976
-4.69133
-4.75514
-4.81896
-4.88277
-4.94659
-4.856
-4.76542
-4.67483
-4.58425
-4.5337
-4.48316
-4.43261
-4.38206
-4.28063
-4.1792
-4.07777
-3.97634
-3.66521
-3.35407
-3.04293
-2.7318
-2.67183
-2.61185
-2.55187
-2.4919
-2.4592
-2.4265
-2.3938
-2.3611
-2.39337
-2.42565
-2.45793
-2.4902
-2.7953
-3.10041
-3.40552
-3.71062
-4.21978
-4.72893
-5.23808
-5.74723
-6.27928
-6.81133
-7.34338
-7.87544
-8.40913
-8.94282
-9.47651
-10.0102
-10.4599
-10.9097
-11.3595
-11.8092
-11.9768
-12.1444
-12.312
-12.4796
-12.3711
-12.2625
-12.154
-12.0454
-11.6286
-11.2118
-10.795
-10.3781
-9.953
-9.5279
-9.1028
-8.6777
-8.29276
-7.90782
-7.52289
-7.13795
-6.87925
-6.62054
-6.36183
-6.10312
-5.84382
-5.58453
-5.32524
-5.06594
-4.79374
-4.52154
-4.24934
-3.97715
-3.78364
-3.59013
-3.39662
-3.20311
-3.21866
-3.23421
-3.24975
-3.2653
-3.52497
-3.78464
-4.04431
-4.30398
-4.43224
-4.56049
-4.68875
-4.81701
-4.93588
-5.05475
-5.17361
-5.29248
-5.50866
-5.72484
-5.94102
-6.1572
-6.37695
-6.5967
-6.81645
-7.0362
-7.16736
-7.29851
-7.42966
-7.56081
-7.47034
-7.37986
-7.28938
-7.1989
-6.94015
-6.68139
-6.42263
-6.16388
-6.1244
-6.08493
-6.04545
-6.00597
-5.98119
-5.95642
-5.93165
-5.90688
-5.83229
-5.75769
-5.68309
-5.6085
-5.76572
-5.92294
-6.08015
-6.23737
-6.60599
-6.9746
-7.34321
-7.71182
-7.9907
-8.26957
-8.54845
-8.82732
-9.22499
-9.62266
-10.0203
-10.418
-10.8176
-11.2172
-11.6168
-12.0164
-12.0859
-12.1554
-12.2249
-12.2943
-12.1069
-11.9194
-11.7319
-11.5444
-11.127
-10.7095
-10.2921
-9.87469
-9.14285
-8.41101
-7.67917
-6.94734
-6.13983
-5.33232
-4.52481
-3.7173
-3.20546
-2.69362
-2.18179
-1.66995
-1.30823
-0.946506
-0.584784
-0.223061
-0.0604665
0.102128
0.264722
0.427317
0.411085
0.394854
0.378622
0.362391
0.0770525
-0.208286
-0.493625
-0.778963
-1.22066
-1.66235
-2.10405
-2.54574
-2.97905
-3.41235
-3.84565
-4.27896
-4.68642
-5.09389
-5.50135
-5.90881
-6.1304
-6.352
-6.57359
-6.79518
-6.86074
-6.92631
-6.99187
-7.05743
-6.78848
-6.51954
-6.2506
-5.98165
-5.35793
-4.73422
-4.1105
-3.48679
-2.73452
-1.98224
-1.22996
-0.477687
0.390562
1.25881
2.12705
2.9953
3.76021
4.52513
5.29004
6.05495
6.59936
7.14376
7.68817
8.23257
8.60394
8.97531
9.34668
9.71805
9.70975
9.70145
9.69316
9.68486
9.4608
9.23673
9.01267
8.7886
8.50025
8.2119
7.92355
7.6352
7.29139
6.94758
6.60377
6.25995
6.02225
5.78456
5.54686
5.30916
5.06897
4.82877
4.58857
4.34837
4.07958
3.81079
3.542
3.27321
2.90625
2.53929
2.17232
1.80536
1.27544
0.745513
0.215589
-0.314334
-0.757222
-1.20011
-1.643
-2.08589
-2.53023
-2.97457
-3.4189
-3.86324
-4.07952
-4.2958
-4.51207
-4.72835
-4.82153
-4.91471
-5.00789
-5.10107
-5.02433
-4.94759
-4.87086
-4.79412
-4.76248
-4.73084
-4.69919
-4.66755
-4.65518
-4.64281
-4.63044
-4.61807
-4.7595
-4.90093
-5.04236
-5.18379
-5.30603
-5.42826
-5.55049
-5.67273
-5.4826
-5.29247
-5.10234
-4.9122
-4.70785
-4.5035
-4.29915
-4.0948
-3.73484
-3.37488
-3.01492
-2.65495
-2.16391
-1.67287
-1.18183
-0.690789
-0.332763
0.025264
0.383291
0.741317
1.04216
1.343
1.64385
1.94469
1.87599
1.80728
1.73858
1.66987
1.46294
1.25602
1.04909
0.842167
0.526475
0.210783
-0.104909
-0.420601
-0.596273
-0.771945
-0.947618
-1.12329
-1.3862
-1.64911
-1.91202
-2.17493
-2.2418
-2.30868
-2.37556
-2.44244
-2.40409
-2.36575
-2.3274
-2.28905
-2.06156
-1.83408
-1.6066
-1.37911
-1.253
-1.1269
-1.0008
-0.874699
-0.804208
-0.733718
-0.663228
-0.592738
-0.682694
-0.772651
-0.862607
-0.952563
-1.1069
-1.26124
-1.41558
-1.56992
-1.70267
-1.83541
-1.96815
-2.10089
-2.15038
-2.19986
-2.24934
-2.29882
-2.17441
-2.05
-1.92558
-1.80117
-1.56917
-1.33717
-1.10517
-0.873174
-0.513419
-0.153664
0.206091
0.565845
0.818798
1.07175
1.32471
1.57766
1.80451
2.03135
2.2582
2.48504
2.60964
2.73424
2.85884
2.98344
3.11361
3.24378
3.37395
3.50412
3.78555
4.06698
4.34841
4.62984
4.76632
4.9028
5.03928
5.17576
5.42634
5.67692
5.9275
6.17808
6.46404
6.75
7.03596
7.32192
7.50736
7.69279
7.87823
8.06366
8.04027
8.01688
7.99348
7.97009
7.91472
7.85934
7.80397
7.7486
7.5699
7.3912
7.21251
7.03381
6.82835
6.62288
6.41741
6.21194
6.12918
6.04642
5.96366
5.8809
5.68319
5.48548
5.28777
5.09007
5.10757
5.12506
5.14255
5.16005
5.44341
5.72677
6.01014
6.2935
6.60633
6.91915
7.23197
7.54479
7.84406
8.14333
8.4426
8.74186
9.10422
9.46658
9.82894
10.1913
10.4356
10.68
10.9243
11.1686
11.2927
11.4168
11.5409
11.665
11.8206
11.9762
12.1318
12.2873
12.096
11.9047
11.7134
11.522
11.0605
10.599
10.1375
9.67598
9.16869
8.66141
8.15413
7.64685
7.30135
6.95585
6.61036
6.26486
5.9991
5.73334
5.46758
5.20181
5.11872
5.03564
4.95256
4.86947
5.12962
5.38978
5.64993
5.91008
6.39589
6.8817
7.36751
7.85332
8.28566
8.718
9.15034
9.58268
9.86334
10.144
10.4247
10.7053
10.6087
10.5121
10.4155
10.3189
9.75057
9.18225
8.61392
8.04559
6.96575
5.88591
4.80607
3.72623
2.61712
1.50801
0.398899
-0.710213
-1.56189
-2.41357
-3.26525
-4.11692
-4.71786
-5.31879
-5.91972
-6.52066
-6.92931
-7.33796
-7.74661
-8.15525
-8.43155
-8.70785
-8.98415
-9.26045
-9.34549
-9.43054
-9.51559
-9.60063
-9.48118
-9.36172
-9.24226
-9.1228
-8.80044
-8.47807
-8.1557
-7.83333
-7.33621
-6.83909
-6.34197
-5.84485
-5.50104
-5.15723
-4.81342
-4.46961
-4.11465
-3.75969
-3.40473
-3.04977
-2.82507
-2.60037
-2.37566
-2.15096
-2.25463
-2.3583
-2.46197
-2.56564
-2.83803
-3.11041
-3.38279
-3.65518
-3.99253
-4.32988
-4.66723
-5.00457
-5.42249
-5.84042
-6.25834
-6.67626
-6.97336
-7.27046
-7.56757
-7.86467
-8.06944
-8.27421
-8.47898
-8.68376
-8.73111
-8.77847
-8.82582
-8.87317
-8.75559
-8.63802
-8.52044
-8.40287
-8.12537
-7.84786
-7.57035
-7.29285
-6.87352
-6.45419
-6.03486
-5.61553
-5.14785
-4.68016
-4.21247
-3.74479
-3.33793
-2.93107
-2.52421
-2.11736
-1.73147
-1.34558
-0.959687
-0.573793
-0.143195
0.287404
0.718002
1.1486
1.4175
1.6864
1.9553
2.22421
2.49821
2.77221
3.04621
3.32021
3.42203
3.52385
3.62567
3.72749
3.73376
3.74003
3.74629
3.75256
3.83777
3.92297
4.00817
4.09338
4.24965
4.40592
4.56219
4.71846
4.83531
4.95217
5.06902
5.18587
5.25047
5.31508
5.37969
5.4443
5.61764
5.79099
5.96433
6.13767
6.23449
6.33132
6.42815
6.52498
6.52888
6.53278
6.53668
6.54058
6.36369
6.18681
6.00993
5.83304
5.66744
5.50185
5.33625
5.17066
5.08438
4.9981
4.91182
4.82554
4.74012
4.65471
4.5693
4.48389
4.23377
3.98364
3.73351
3.48339
3.1371
2.7908
2.44451
2.09822
1.77095
1.44367
1.1164
0.789127
0.460722
0.132317
-0.196088
-0.524493
-0.816701
-1.10891
-1.40111
-1.69332
-1.81194
-1.93055
-2.04916
-2.16777
-2.19585
-2.22394
-2.25202
-2.2801
-2.25876
-2.23743
-2.2161
-2.19476
-2.15273
-2.1107
-2.06867
-2.02664
-1.9311
-1.83555
-1.74
-1.64445
-1.52493
-1.40542
-1.28591
-1.16639
-1.20997
-1.25355
-1.29713
-1.34071
-1.51581
-1.6909
-1.866
-2.04109
-2.41926
-2.79743
-3.1756
-3.55377
-3.98615
-4.41852
-4.85089
-5.28326
-5.82563
-6.368
-6.91037
-7.45273
-7.80039
-8.14805
-8.49572
-8.84338
-8.90792
-8.97247
-9.03702
-9.10157
-8.97827
-8.85497
-8.73167
-8.60838
-8.13795
-7.66753
-7.1971
-6.72667
-5.89869
-5.0707
-4.24272
-3.41473
-2.55812
-1.70151
-0.8449
0.0117094
0.661975
1.31224
1.96251
2.61278
2.8438
3.07481
3.30582
3.53683
3.66491
3.79299
3.92107
4.04914
4.0089
3.96866
3.92842
3.88818
3.6561
3.42401
3.19192
2.95983
2.61293
2.26602
1.91912
1.57221
1.28516
0.99811
0.71106
0.424009
0.326712
0.229414
0.132117
0.0348195
-0.0612888
-0.157397
-0.253505
-0.349614
-0.371377
-0.393139
-0.414901
-0.436663
-0.544998
-0.653334
-0.76167
-0.870005
-1.00395
-1.1379
-1.27185
-1.4058
-1.47008
-1.53435
-1.59862
-1.66289
-1.62826
-1.59364
-1.55902
-1.52439
-1.51454
-1.50469
-1.49485
-1.485
-1.59194
-1.69889
-1.80584
-1.91278
-2.2431
-2.57343
-2.90376
-3.23408
-3.59067
-3.94726
-4.30386
-4.66045
-5.01812
-5.3758
-5.73348
-6.09116
-6.4778
-6.86443
-7.25106
-7.6377
-8.06777
-8.49784
-8.92791
-9.35799
-9.75774
-10.1575
-10.5573
-10.9571
-11.2835
-11.6099
-11.9363
-12.2626
-12.3106
-12.3586
-12.4065
-12.4545
-12.2895
-12.1245
-11.9595
-11.7944
-11.5381
-11.2817
-11.0254
-10.769
-10.4806
-10.1921
-9.90364
-9.61518
-9.22855
-8.84192
-8.45529
-8.06867
-7.84544
-7.62222
-7.399
-7.17578
-6.88502
-6.59427
-6.30352
-6.01276
-5.71801
-5.42326
-5.12851
-4.83376
-4.37088
-3.908
-3.44512
-2.98224
-2.47321
-1.96417
-1.45514
-0.946105
-0.218501
0.509103
1.23671
1.96431
2.58582
3.20733
3.82884
4.45035
5.09488
5.73942
6.38395
7.02848
7.50686
7.98524
8.46362
8.942
9.15884
9.37569
9.59254
9.80938
9.79993
9.79047
9.78101
9.77155
9.52748
9.28341
9.03935
8.79528
8.37054
7.94579
7.52105
7.0963
6.60339
6.11048
5.61756
5.12465
4.68421
4.24377
3.80333
3.3629
2.99482
2.62674
2.25866
1.89058
1.76333
1.63607
1.50882
1.38157
1.60487
1.82818
2.05149
2.2748
2.77513
3.27546
3.77578
4.27611
4.89193
5.50774
6.12355
6.73937
7.40353
8.06769
8.73185
9.39601
9.95266
10.5093
11.066
11.6226
12.0265
12.4304
12.8343
13.2382
13.5195
13.8007
14.0819
14.3631
14.5497
14.7363
14.9229
15.1095
15.2097
15.3098
15.4099
15.5101
15.534
15.5579
15.5818
15.6057
15.3797
15.1536
14.9276
14.7015
14.4135
14.1254
13.8374
13.5493
13.1832
12.817
12.4508
12.0846
11.7173
11.3499
10.9825
10.6151
10.1349
9.6547
9.1745
8.6943
8.37638
8.05847
7.74055
7.42263
7.16737
6.91211
6.65685
6.40158
6.32239
6.2432
6.16402
6.08483
6.05605
6.02727
5.9985
5.96972
6.10887
6.24803
6.38718
6.52633
6.72944
6.93254
7.13565
7.33875
7.37696
7.41517
7.45338
7.4916
7.23276
6.97392
6.71508
6.45624
6.26
6.06376
5.86752
5.67127
5.665
5.65874
5.65247
5.64621
5.62524
5.60427
5.5833
5.56234
5.53432
5.50631
5.4783
5.45028
5.42771
5.40514
5.38257
5.36
5.39408
5.42816
5.46225
5.49633
5.59905
5.70176
5.80448
5.90719
5.83262
5.75804
5.68347
5.60889
5.34961
5.09033
4.83106
4.57178
4.27125
3.97071
3.67018
3.36964
3.05882
2.74799
2.43717
2.12634
1.74942
1.3725
0.99558
0.618661
0.281147
-0.056366
-0.393879
-0.731393
-1.01731
-1.30323
-1.58915
-1.87506
-2.16894
-2.46282
-2.7567
-3.05058
-3.17719
-3.3038
-3.43041
-3.55702
-3.56548
-3.57393
-3.58238
-3.59083
-3.68136
-3.77189
-3.86242
-3.95295
-4.14494
-4.33694
-4.52894
-4.72093
-4.84736
-4.97378
-5.1002
-5.22663
-5.31762
-5.40861
-5.4996
-5.59059
-5.76241
-5.93423
-6.10605
-6.27787
-6.41423
-6.55058
-6.68693
-6.82328
-6.80352
-6.78375
-6.76399
-6.74423
-6.82278
-6.90132
-6.97986
-7.0584
-7.29611
-7.53382
-7.77153
-8.00923
-8.29393
-8.57862
-8.86332
-9.14801
-9.6169
-10.0858
-10.5547
-11.0235
-11.3986
-11.7737
-12.1488
-12.5238
-12.8064
-13.0889
-13.3714
-13.6539
-13.7857
-13.9175
-14.0493
-14.1811
-14.3823
-14.5835
-14.7847
-14.9859
-15.0933
-15.2006
-15.308
-15.4153
-15.3655
-15.3157
-15.2659
-15.2161
-15.2398
-15.2634
-15.287
-15.3106
-15.2731
-15.2356
-15.1981
-15.1606
-15.0757
-14.9908
-14.9059
-14.821
-14.7037
-14.5865
-14.4693
-14.3521
-14.2081
-14.0641
-13.9201
-13.776
-13.501
-13.2261
-12.9512
-12.6762
-12.5409
-12.4057
-12.2705
-12.1352
-11.8415
-11.5477
-11.2539
-10.9601
-10.6918
-10.4234
-10.155
-9.8867
-9.59573
-9.30476
-9.0138
-8.72283
-8.35348
-7.98414
-7.6148
-7.24545
-6.93482
-6.62418
-6.31355
-6.00292
-5.70898
-5.41504
-5.1211
-4.82716
-4.41812
-4.00907
-3.60003
-3.19098
-2.9469
-2.70281
-2.45872
-2.21463
-1.96799
-1.72134
-1.47469
-1.22804
-1.12273
-1.01741
-0.912098
-0.806786
-0.883225
-0.959663
-1.0361
-1.11254
-1.33195
-1.55135
-1.77075
-1.99015
-2.23414
-2.47814
-2.72213
-2.96612
-3.18381
-3.40149
-3.61918
-3.83686
-3.99233
-4.14779
-4.30326
-4.45872
-4.50111
-4.5435
-4.58589
-4.62829
-4.62697
-4.62565
-4.62433
-4.62301
-4.53115
-4.43929
-4.34743
-4.25557
-4.06938
-3.88319
-3.697
-3.51082
-3.28939
-3.06796
-2.84652
-2.62509
-2.40704
-2.18899
-1.97093
-1.75288
-1.54462
-1.33637
-1.12811
-0.91985
-0.907051
-0.894252
-0.881453
-0.868654
-0.952207
-1.03576
-1.11931
-1.20286
-1.26219
-1.32151
-1.38083
-1.44015
-1.49693
-1.5537
-1.61048
-1.66726
-1.63301
-1.59876
-1.56451
-1.53025
-1.54881
-1.56736
-1.58592
-1.60447
-1.59734
-1.59021
-1.58308
-1.57595
-1.45181
-1.32767
-1.20354
-1.0794
-0.829653
-0.579906
-0.330159
-0.0804119
-0.0039892
0.0724335
0.148856
0.225279
0.223388
0.221498
0.219607
0.217716
0.0586305
-0.100455
-0.25954
-0.418625
-0.681076
-0.943527
-1.20598
-1.46843
-1.61074
-1.75304
-1.89535
-2.03766
-2.07416
-2.11065
-2.14715
-2.18365
-2.12971
-2.07576
-2.02182
-1.96787
-1.70154
-1.43522
-1.1689
-0.902576
-0.465071
-0.027566
0.409939
0.847444
1.32274
1.79804
2.27333
2.74863
3.14236
3.53609
3.92982
4.32355
4.64249
4.96143
5.28037
5.59932
5.90035
6.20138
6.50241
6.80344
6.87276
6.94208
7.0114
7.08071
7.09953
7.11836
7.13719
7.15602
7.24921
7.34241
7.43561
7.52881
7.49437
7.45993
7.42549
7.39105
7.26784
7.14463
7.02142
6.89821
6.79394
6.68967
6.5854
6.48113
6.43757
6.39401
6.35045
6.30689
6.08608
5.86527
5.64446
5.42365
5.21364
5.00364
4.79364
4.58363
4.55201
4.52039
4.48876
4.45714
4.38744
4.31773
4.24803
4.17833
4.22782
4.27732
4.32681
4.37631
4.48756
4.5988
4.71005
4.82129
4.95606
5.09082
5.22558
5.36034
5.384
5.40765
5.4313
5.45495
5.53351
5.61207
5.69063
5.76919
5.88966
6.01014
6.13061
6.25108
6.21753
6.18399
6.15044
6.1169
6.04514
5.97337
5.90161
5.82984
5.79718
5.76452
5.73187
5.69921
5.56176
5.42432
5.28688
5.14943
4.91611
4.6828
4.44948
4.21616
3.96857
3.72098
3.47338
3.22579
2.99563
2.76547
2.53531
2.30515
2.12651
1.94787
1.76923
1.59059
1.55397
1.51736
1.48075
1.44413
1.39157
1.33901
1.28646
1.2339
1.28912
1.34433
1.39954
1.45475
1.41996
1.38517
1.35038
1.31558
1.27485
1.23412
1.19339
1.15265
1.03426
0.915875
0.797488
0.679101
0.608834
0.538566
0.468299
0.398032
0.372112
0.346192
0.320272
0.294352
0.240479
0.186606
0.132733
0.0788602
0.17039
0.261919
0.353448
0.444977
0.689435
0.933893
1.17835
1.42281
1.56911
1.7154
1.8617
2.00799
2.0868
2.16561
2.24443
2.32324
2.40247
2.48171
2.56095
2.64018
2.65434
2.6685
2.68267
2.69683
2.5957
2.49456
2.39342
2.29228
2.10055
1.90882
1.71709
1.52536
1.46515
1.40494
1.34473
1.28452
1.26949
1.25445
1.23941
1.22437
1.24922
1.27407
1.29892
1.32376
1.45194
1.58012
1.7083
1.83647
1.95102
2.06557
2.18013
2.29468
2.32782
2.36096
2.3941
2.42723
2.41864
2.41005
2.40146
2.39287
2.33328
2.27369
2.2141
2.1545
2.05747
1.96043
1.86339
1.76636
1.70188
1.63741
1.57293
1.50845
1.3747
1.24095
1.1072
0.973457
0.840513
0.707569
0.574625
0.441681
0.319319
0.196956
0.0745936
-0.0477687
-0.153536
-0.259304
-0.365071
-0.470839
-0.608907
-0.746974
-0.885042
-1.02311
-1.18874
-1.35437
-1.52
-1.68562
-1.77683
-1.86804
-1.95925
-2.05046
-2.09768
-2.1449
-2.19212
-2.23934
-2.27649
-2.31363
-2.35077
-2.38792
-2.37456
-2.36121
-2.34786
-2.3345
-2.29959
-2.26467
-2.22975
-2.19484
-2.20934
-2.22385
-2.23836
-2.25286
-2.26509
-2.27731
-2.28953
-2.30176
-2.29397
-2.28619
-2.27841
-2.27062
-2.27496
-2.2793
-2.28364
-2.28799
-2.30496
-2.32193
-2.33891
-2.35588
-2.37124
-2.38659
-2.40195
-2.41731
-2.41314
-2.40897
-2.4048
-2.40063
-2.34827
-2.29591
-2.24355
-2.19119
-2.12479
-2.05839
-1.99199
-1.92558
-1.8329
-1.74021
-1.64752
-1.55484
-1.49661
-1.43837
-1.38013
-1.32189
-1.27299
-1.22408
-1.17518
-1.12627
-1.04401
-0.96175
-0.87949
-0.797229
-0.758441
-0.719653
-0.680864
-0.642076
-0.611488
-0.580901
-0.550314
-0.519726
-0.453678
-0.38763
-0.321581
-0.255533
-0.214409
-0.173285
-0.132161
-0.0910366
-0.0489738
-0.00691095
0.0351519
0.0772147
0.0975999
0.117985
0.138371
0.158756
0.159234
0.159712
0.16019
0.160668
0.152666
0.144665
0.136663
0.128661
0.113715
0.0987694
0.0838236
0.0688778
0.0709917
0.0731055
0.0752194
0.0773332
0.0881554
0.0989776
0.1098
0.120622
0.14755
0.174478
0.201406
0.228333
0.236221
0.244109
0.251997
0.259885
0.266662
0.273439
0.280216
0.286993
0.300034
0.313074
0.326114
0.339155
0.346206
0.353256
0.360306
0.367357
0.366171
0.364985
0.363799
0.362613
0.358606
0.354598
0.350591
0.346583
0.342571
0.338558
0.334546
0.330533
0.328566
0.326598
0.32463
0.322663
0.317151
0.311638
0.306125
0.300612
0.295801
0.29099
0.28618
0.281369
0.276156
0.270942
0.265729
0.260516
0.251335
0.242153
0.232972
0.22379
0.215002
0.206215
0.197428
0.18864
0.186413
0.184186
0.181959
0.179732
0.179677
0.179621
0.179565
0.17951
0.180756
0.182002
0.183248
0.184494
0.185672
0.18685
0.188028
0.189207
0.19123
0.193252
0.195275
0.197297
0.195659
0.19402
0.192382
0.190744
0.184933
0.179121
0.173309
0.167497
0.159049
0.1506
0.142151
0.133702
0.125929
0.118155
0.110381
0.102608
0.0972029
0.0917977
0.0863925
0.0809874
0.0769692
0.0729509
0.0689326
0.0649144
0.0626428
0.0603712
0.0580996
0.055828
0.0555173
0.0552065
0.0548958
0.054585
0.0531637
0.0517423
0.050321
0.0488996
0.0474859
0.0460723
0.0446587
0.0432451
0.0415481
0.039851
0.0381539
0.0364569
0.0336413
0.0308257
0.0280101
0.0251945
0.0226346
0.0200748
0.0175149
0.014955
0.0121916
0.00942819
0.00666478
0.00390138
0.000873975
-0.00215343
-0.00518084
-0.00820825
-0.011229
-0.0142497
-0.0172705
-0.0202912
-0.0230689
-0.0258466
-0.0286243
-0.0314019
-0.0340171
-0.0366322
-0.0392474
-0.0418625
-0.0444535
-0.0470445
-0.0496356
-0.0522266
-0.054817
-0.0574073
-0.0599977
-0.062588
-0.0649523
-0.0673165
-0.0696808
-0.072045
-0.0744891
-0.0769331
-0.0793772
-0.0818212
-0.0840815
-0.0863418
-0.0886021
-0.0908625
-0.0930312
-0.0951998
-0.0973684
-0.099537
-0.101512
-0.103486
-0.10546
-0.107434
-0.109273
-0.111112
-0.112951
-0.11479
-0.116492
-0.118193
-0.119894
-0.121595
-0.123198
-0.124802
-0.126406
-0.128009
-0.129517
-0.131024
-0.132531
-0.134038
-0.135471
-0.136904
-0.138337
-0.139769
-0.141121
-0.142473
-0.143824
-0.145176
-0.146453
-0.14773
-0.149006
-0.150283
-0.15148
-0.152677
-0.153875
-0.155072
-0.156191
-0.157309
-0.158428
-0.159547
-0.160584
-0.161622
-0.16266
-0.163697
0
0
0
0
0
0
0
0
0
0
0
0
0
0
0
0
0
0
0
0
0
0
0
0
0
0
0
0
0
0
0
0
0
0
0
0
0
0
0
0
0
0
0
0
0
0
0
0
0
0
0
0
0
0
0
0
0
0
0
0
0
0
0
0
0
0
0
0
0
0
0
0
0
0
0
0
0
0
0
0
0
0
0
0
0
0
0
0
0
0
0
0
0
0
0
0
0
0
0
0
0
0
0
0
0
0
0
0
0
0
0
0
0
0
0
0
0
0
0
0
0
0
0
0
0
0
0
0
0
0
0
0
0
0
0
0
0
0
0
0
0
0
0
0
0
0
0
0
0
0
0
0
0
0
0
0
0
0
0
0
0
0
0
0
0
0
0
0
0
0
0
0
0
0
0
0
0
0
0
0
0
0
0
0
0
0
0
0
0
0
0
0
0
0
0
0
0
0
0
0
0
0
0
0
0
0
0
0
0
0
0
0
0
0
0
0
0
0
0
0
0
0
0
0
0
0
0
0
0
0
0
0
0
0
0
0
0
0
0
0
0
0
0
0
0
0
0
0
0
0
0
0
0
0
0
0
0
0
0
0
0
0
0
0
0
0
0
0
0
0
0
0
0
0
0
0
0
0
0
0
0
0
0
0
0
0
0
0
0
0
0
0
0
0
0
0
0
0
0
0
0
0
0
0
0
0
0
0
0
0
0
0
0
0
0
0
0
0
0
0
0
0
0
0
0
0
0
0
0
0
0
0
0
0
0
0
0
0
0
0
0
0
0
0
0
0
0
0
0
0
0
0
0
0
0
0
0
0
0
0
0
0
0
0
0
0
0
0
0
0
0
0
0
0
0
0
0
0
0
0
0
0
0
0
0
0
0
0
0
0
0
0
0
0
0
0
0
0
0
0
0
0
0
0
0
0
0
0
0
0
0
0
0
0
0
0
0
0
0
0
0
0
0
0
0
0
0
0
0
0
0
0
0
0
0
0
0
0
0
0
0
0
0
0
0
0
0
0
0
0
0
0
0
0
0
0
0
0
0
0
0
0
0
0
0
0
0
0
0
0
0
0
0
0
0
0
0
0
0
0
0
0
0
0
0
0
0
0
0
0
0
0
0
0
0