0
-7.74536700000000e-05
-0.00102056500000000
-0.00147845200000000
-0.00154223700000000
-0.000767700700000000
-0.00110257500000000
-0.00130759800000000
-0.000883882100000000
-0.00111168500000000
-0.000357652200000000
-0.00180421200000000
-0.00149439900000000
-0.000993227500000000
-0.000644687700000000
-0.000633296600000000
-0.000792759500000000
-0.00103878800000000
-0.00118002800000000
-0.00166069500000000
-0.00106157000000000
-0.000676580300000000
-0.00145111500000000
-0.000489779900000000
-0.00179965700000000
-0.00153995900000000
-0.00121419900000000
-0.00152629100000000
-0.00122103300000000
-0.00152173400000000
-0.00122786700000000
-0.00151034500000000
-0.00125064700000000
-0.00146706100000000
-0.00185432900000000
-0.00126203800000000
-0.000808705800000000
-0.00159918900000000
-0.000533061400000000
-0.00179282300000000
-0.00133493600000000
-0.000740365500000000
-0.00167664200000000
-0.000669746500000000
-0.00142378000000000
-0.000681135400000000
-0.000890715900000000
-0.00113902300000000
-0.00140099700000000
-0.00113446800000000
5.46731300000000e-05
-0.000455608700000000
-0.000865657100000000
-0.00138960800000000
-0.00131215300000000
-0.00134632500000000
-0.00136455000000000
-0.000956779800000000
-0.00101145200000000
-0.00159463100000000
-0.00140327600000000
-0.00122558800000000
-0.00183610400000000
-0.00121647600000000
-0.000954501100000000
-0.00112079800000000
-0.00136910500000000
-0.00117774900000000
-0.00100006100000000
-0.00123697900000000
-0.00137138300000000
-0.000624184100000000
-0.00157640600000000
-0.000943109900000000
-0.00227121800000000
0.000104790000000000
-0.000469276300000000
-0.00132810200000000
-0.00153768000000000
-5.92291500000000e-05
-0.000687969200000000
0.000318925800000000
-0.000940833500000000
-0.000715306700000000
-0.000879324700000000
-0.000391823500000000
0.00180876900000000
-0.00293639200000000
0.000810984400000000
-0.00498892400000000
0.00357880100000000
-0.00429638400000000
0.00251952800000000
-0.00486361900000000
0.00316877300000000
-3.41705900000000e-05
-0.00199101200000000
-0.00191811500000000
-0.00780686900000000
0.00619173200000000
-0.00703231900000000
0.00650154300000000
0.00327126900000000
0.00645143500000000
-0.00602999000000000
-0.00490691400000000
0.00686602000000000
-0.0104083800000000
-0.00547414900000000
0.00120508700000000
8.88437200000000e-05
-0.00371322100000000
-0.000302979500000000
0.00112991000000000
-0.000719861800000000
0.00382938900000000
0.00283389600000000
0.00350818400000000
0.00831485900000000
0.00405265500000000
-0.0105314100000000
0.00110257500000000
0.00302295900000000
-0.00910533700000000
-0.00818274000000000
0.00921469200000000
-0.00132810200000000
-0.0140874300000000
0.00202062600000000
0.00774078800000000
0.00306397600000000
-0.00506182000000000
0.0100575800000000
0.00287489000000000
-0.00225071000000000
-0.00572701500000000
0.00488868500000000
-0.00862241300000000
-0.00829437300000000
0.000448774900000000
-5.92291500000000e-05
-0.00304802500000000
-0.0133425200000000
0.00429412800000000
0.00329177700000000
-0.00506865600000000
-0.00737403200000000
0.00526455500000000
-0.00990493000000000
0.00359019400000000
-0.00880691900000000
-0.00153312500000000
-0.00199329100000000
0.00953589600000000
0.00661089700000000
-0.0102967700000000
-0.00367904100000000
0.0166616200000000
0.0118822900000000
-0.0198827800000000
-0.00283845300000000
0.0132832700000000
0.0179897300000000
-0.0171901400000000
-0.0137434600000000
0.0150761000000000
-0.00625779100000000
-0.0197711700000000
0.0174612100000000
0.0149827000000000
-0.000833764500000000
-0.00423488200000000
0.0121214800000000
-0.0105655700000000
-0.0300542300000000
0.00732620200000000
0.0105951900000000
0.00726923500000000
0.0120052900000000
0.0244252200000000
0.0270175500000000
0.0143995200000000
-0.0130395200000000
-0.0234844800000000
0.00530329300000000
0.0207074400000000
-0.00596848800000000
-0.00633068700000000
-0.000722140500000000
-0.0197050900000000
0.00634663800000000
0.0245072000000000
0.00698448900000000
0.000594570200000000
0.0238874900000000
0.0101988100000000
-0.0150920600000000
-0.00718038900000000
0.0366925600000000
-0.00483857600000000
0.0221676700000000
0.0442396800000000
-0.0183291400000000
-0.0454788800000000
-0.0187460300000000
0.0160397200000000
-0.0191697500000000
-0.000681135400000000
0.0203702800000000
0.0226255100000000
-0.0187209900000000
-0.0490371900000000
-0.00416654400000000
0.0307353700000000
0.000840598400000000
-0.0628900000000000
-0.00218920200000000
-0.00911900900000000
-0.0179897300000000
-0.00277237200000000
0.0435038000000000
0.0189465100000000
-0.0141238800000000
0.0242248300000000
0.00315282200000000
0.00780686900000000
-0.0551194800000000
0.0148255200000000
0.0277009300000000
-0.00984798600000000
-0.0437066500000000
0.00754716700000000
0.0353369700000000
-0.0148801800000000
-0.0171104100000000
0.00263797400000000
0.0205821300000000
-0.00128253900000000
-0.0359383600000000
0.00105701300000000
0.0668126800000000
0.0244274500000000
0.00833536700000000
0.0177778600000000
0.0132012600000000
0.00994366800000000
0.00213225000000000
0.0207347800000000
-0.0334438700000000
0.0135361400000000
0.0294117300000000
-0.00812579500000000
0.0286555200000000
-0.00662910500000000
0.0257032900000000
-0.0217462300000000
-0.0125497600000000
-0.0668151400000000
0.000469276300000000
-0.00927619400000000
-0.0220719900000000
0.0309996500000000
0.0425858500000000
-0.0300542300000000
-0.0569147200000000
0.0676191600000000
-0.0154588100000000
-0.00710749300000000
0.0296145700000000
0.0101828600000000
-0.0617055400000000
-0.00797316800000000
0.0381824100000000
-0.0975619100000000
-0.126581800000000
0.0249309900000000
0.0793854100000000
-0.00568144200000000
-0.0258808900000000
0.0187893300000000
0.0234525300000000
0.0344826800000000
0.0275347200000000
0.0293777700000000
0.00642409000000000
-0.0231015700000000
0.0410140100000000
0.0641361300000000
-0.00100461900000000
-0.0520691800000000
0.0336717400000000
0.0901423500000000
0.0253887400000000
-0.0925615500000000
-0.103872100000000
-0.0833264100000000
0.0305166600000000
0.0371800200000000
-0.0616963800000000
-0.0153676900000000
0.0646121900000000
0.0277739800000000
-0.0535590300000000
-0.00962246400000000
-0.0270425700000000
0.0686148500000000
0.0303229800000000
0.0230128800000000
0.0687649800000000
0.0719361400000000
-0.0235709300000000
-0.0991065000000000
-0.0370980300000000
0.0201698300000000
-0.0453490800000000
-0.0956846800000000
-0.0210035800000000
-0.0397267800000000
-0.0180056600000000
-0.0348267200000000
-0.00475200800000000
0.0241837200000000
-0.00362665300000000
0.0440687800000000
0.0208031200000000
0.00978876200000000
0.0268149300000000
-0.0120440300000000
-0.0845155700000000
-0.115759000000000
-0.00901195600000000
0.0192244200000000
0.0551333300000000
0.0567051800000000
-0.0760297200000000
0.0273318700000000
0.118292100000000
0.136416100000000
0.0813102300000000
0.121875400000000
0.200757300000000
0.0386243000000000
0.0523768000000000
0.165135500000000
0.112943200000000
0.00242384500000000
0.0436199700000000
0.0519485400000000
-0.0110713000000000
-0.00444447600000000
-0.0864654100000000
-0.202361100000000
-0.123189900000000
0.0892742100000000
0.0142468900000000
-0.141382300000000
-0.0445584700000000
-0.0480736700000000
-0.169759900000000
-0.231878000000000
-0.0511740100000000
-0.0732734100000000
-0.0831669100000000
-0.119515400000000
-0.0843241200000000
0.0116863700000000
-0.0465360100000000
0.0267557200000000
0.0667604100000000
0.166459100000000
0.0536273900000000
-0.185405700000000
-0.183817800000000
-0.0384511600000000
0.0629583600000000
0.0582564600000000
-0.0687788300000000
-0.234804600000000
-0.169315800000000
-0.00262886000000000
0.0550421900000000
0.175076800000000
0.177336700000000
0.125344800000000
0.148760900000000
0.245740000000000
0.136883200000000
-0.115294100000000
-0.169532200000000
0.0898483500000000
0.316522100000000
0.246602300000000
0.184177700000000
0.237116800000000
0.317858000000000
0.177928900000000
-0.0106453000000000
-0.0653433800000000
-0.273385700000000
-0.360165500000000
-0.293974300000000
-0.226252800000000
-0.00707333500000000
0.00651521500000000
-0.120857200000000
-0.310356200000000
-0.168457000000000
-0.0771893900000000
-0.0817523400000000
-0.00949262300000000
-0.0752621200000000
-0.0177573700000000
-0.0214341400000000
0.0777633100000000
0.187223500000000
0.166618600000000
0.0815450200000000
0.00327126900000000
0.0316079700000000
0.170457100000000
0.265886200000000
-0.0239194400000000
-0.322629800000000
-0.329613300000000
-0.0886022300000000
0.422123200000000
0.258058300000000
-0.130978500000000
-0.0521878000000000
0.151948000000000
0.0865201400000000
-0.0850577600000000
-0.0761186400000000
-0.0532196900000000
-0.0803125200000000
-0.131174400000000
0.0873927400000000
0.107430400000000
0.0885452600000000
0.0857136700000000
0.0529031300000000
0.0456064400000000
0.180979200000000
0.0203406600000000
-0.301230300000000
-0.0974388100000000
0.157162300000000
0.207507100000000
0.248936900000000
0.245460800000000
0.0930581600000000
0.156365000000000
0.203017200000000
0.154756800000000
0.285217000000000
0.0587986600000000
-0.228558300000000
-0.502335000000000
-0.508891800000000
-0.211181600000000
-0.186392000000000
-0.133197300000000
0.00835359600000000
0.0253409300000000
0.0198190000000000
0.0222268900000000
0.0140532700000000
-0.167206200000000
-0.274717200000000
0.0141739900000000
0.216501000000000
0.404123900000000
0.488937700000000
0.222526300000000
0.201156100000000
0.378566900000000
0.397538100000000
0.287410800000000
0.0797042100000000
-0.0827819900000000
-0.0913793100000000
0.00696170200000000
0.00616666700000000
0.0280518900000000
-0.162932500000000
-0.161212800000000
-0.194050800000000
-0.157510900000000
-0.156718200000000
-0.309762000000000
-0.260176100000000
-0.354931200000000
-0.213858400000000
-0.127233400000000
-0.112148100000000
-0.0899303400000000
-0.0402166900000000
-0.183949800000000
-0.0861305300000000
0.0919623900000000
-0.0313617900000000
-0.153373900000000
-0.345981800000000
-0.157868500000000
0.0761800700000000
0.135552900000000
-0.0680337900000000
-0.248957000000000
-0.210019900000000
-0.117421900000000
-0.0951835900000000
-0.138988100000000
-0.195902800000000
-0.0401869800000000
0.0357198700000000
0.113697200000000
0.269927500000000
0.328612500000000
0.379599000000000
0.241933300000000
0.221082000000000
0.317138600000000
0.291910100000000
0.143694500000000
0.174414000000000
0.306553900000000
0.274402200000000
0.0575252800000000
-0.188815900000000
-0.117633700000000
-0.103990500000000
-0.0617875300000000
-0.0196709300000000
-0.0835198800000000
-0.0619582000000000
-0.0756745200000000
-0.0966528900000000
-0.130846500000000
0.0834061700000000
0.0981177300000000
-0.189961700000000
-0.122857300000000
0.0802783400000000
0.165850800000000
0.205898800000000
0.101275000000000
-0.00907345800000000
-0.181510000000000
-0.156627100000000
0.0159076000000000
0.204935300000000
0.0432305800000000
-0.253181500000000
-0.251119500000000
-0.179838100000000
-0.153480900000000
-0.189346700000000
-0.220102400000000
-0.316964400000000
-0.0647169700000000
0.122310600000000
0.0566687600000000
-0.0179168400000000
-0.0850758600000000
-0.00633296600000000
0.178056500000000
0.0892925300000000
0.0115633600000000
0.192843300000000
0.299034300000000
0.413877500000000
0.178546400000000
-0.0961312500000000
-0.0551583500000000
-0.101609900000000
-0.227843400000000
-0.211976700000000
-0.132718800000000
-0.264854100000000
-0.230591200000000
-0.112009200000000
-0.109243700000000
0.241475300000000
0.261873900000000
0.230656000000000
0.282315000000000
0.352147700000000
0.318056800000000
-0.122729700000000
-0.159240000000000
-0.267166300000000
-0.233131300000000
-0.155064400000000
-0.0621610500000000
0.113166400000000
-0.101496000000000
-0.279008700000000
-0.210243100000000
0.0776860100000000
0.136712300000000
0.0852217400000000
0.00276783700000000
-0.0592747200000000
-0.169951300000000
-0.134753300000000
-0.0251269200000000
0.0815244700000000
0.286427800000000
0.265385800000000
0.188865900000000
0.247862300000000
0.249419400000000
0.0376035800000000
0.0330886700000000
0.227620000000000
0.294731600000000
-0.0564909300000000
-0.0369454500000000
0.0246575500000000
-0.0996781800000000
-0.0883267800000000
-0.218835900000000
-0.254991000000000
0.0523334600000000
0.226297500000000
-0.0957213100000000
-0.380003400000000
-0.304748900000000
0.0235298300000000
0.0625164800000000
0.0670041400000000
0.163500000000000
-0.0380684800000000
-0.116615500000000
-0.173249800000000
0.00270631200000000
0.144191100000000
-0.133541400000000
-0.154082600000000
-0.293339800000000
-0.101849200000000
0.185284800000000
0.0466863600000000
-0.121952900000000
-0.218255100000000
-0.165534300000000
-0.0628877700000000
-0.0499439700000000
0.147421400000000
0.183070500000000
0.0384603200000000
-0.0599261600000000
-0.161169500000000
0.101582700000000
0.100919600000000
-0.0740638000000000
-0.219421200000000
-0.265997900000000
-0.155050500000000
0.127411100000000
0.225701000000000
0.0359886200000000
-0.216705800000000
-0.291713500000000
0.0190854600000000
0.160994100000000
0.278255900000000
0.278316200000000
0.124438300000000
0.215828800000000
0.180218300000000
0.0300497600000000
0.0409159300000000
0.191549400000000
0.259903600000000
0.315210700000000
0.201643500000000
-0.217507800000000
-0.468988100000000
-0.348443700000000
-0.0312911900000000
-0.152925100000000
-0.232208700000000
0.108849600000000
0.322024400000000
0.0839414300000000
-0.152043600000000
-0.0793101300000000
0.118458300000000
0.184323500000000
-0.120809400000000
-0.132491200000000
0.0554020800000000
0.237389300000000
0.341214500000000
0.0875748100000000
-0.187838500000000
-0.162629600000000
-0.0286260300000000
-0.0284095500000000
0.155898100000000
0.302128400000000
0.0969672200000000
-0.202891900000000
-0.217127400000000
-0.0186298600000000
0.0331570300000000
-0.0462306200000000
0.0527594800000000
0.124989600000000
-0.0450984300000000
-0.0751618100000000
-0.125563500000000
-0.0186731300000000
0.200928200000000
0.124401900000000
-0.317199000000000
-0.473891700000000
-0.232983900000000
0.0122946200000000
0.210741900000000
0.0405149300000000
-0.170555000000000
-0.126561500000000
0.0510192000000000
-0.0328402500000000
-0.121060000000000
0.0348336500000000
0.225039800000000
0.226371200000000
0.0360317400000000
-0.0109118400000000
-0.123624900000000
0.0312570100000000
0.249662900000000
0.203548000000000
0.00134176900000000
-0.0326854300000000
0.0735102200000000
0.0730661000000000
0.107054400000000
0.0887070000000000
-0.0181195700000000
-0.267916900000000
-0.228632000000000
0.0502855500000000
-0.0142013400000000
0.00398657300000000
0.115342100000000
0.181523900000000
0.139211500000000
-0.156570100000000
-0.288963400000000
-0.186114100000000
0.0993021900000000
0.433704300000000
0.371156800000000
-0.0360272700000000
-0.322480100000000
-0.0651316000000000
0.304813700000000
0.122128300000000
-0.151920700000000
-0.239013400000000
-0.0392348500000000
0.0701297300000000
0.0467408600000000
-0.0747176900000000
-0.137819500000000
0.155677000000000
0.248380600000000
0.111366900000000
-0.0229764700000000
0.0151626700000000
0.128037500000000
0.0337903700000000
-0.120959700000000
0.0366583800000000
0.0577553800000000
0.0172334100000000
-0.0279515800000000
-0.0238329800000000
0.0395925100000000
-0.00164930400000000
0.0994322100000000
0.0721115100000000
-0.0664825000000000
-0.0853356700000000
-0.0200262900000000
-0.0344918400000000
-0.121224000000000
-0.106125100000000
-0.0136455000000000
-0.0357516000000000
-0.185501300000000
-0.231670300000000
-0.143879000000000
-0.0217872200000000
0.00767472800000000
-0.0563883900000000
-0.0269150100000000
-0.0188531100000000
0.0308082000000000
-0.0476384900000000
-0.139448300000000
-0.0334485700000000
0.000382711000000000
0.0126750500000000
-0.0570514500000000
-0.0756515100000000
0.107077200000000
0.147412300000000
0.0966028500000000
-0.0507207400000000
-0.100220400000000
0.0638696100000000
0.0566801500000000
0.0401414100000000
0.137956200000000
0.178484800000000
0.0670452400000000
0.0222200600000000
0.00480667400000000
0.130757600000000
0.314069100000000
0.329070400000000
0.152275900000000
-0.0727631700000000
-0.0617236300000000
0.0977600600000000
0.258190100000000
0.170718900000000
0.0836521300000000
-0.0420300300000000
-0.0901604400000000
-0.00612111500000000
-0.0427042500000000
-0.0416609700000000
-0.0718427600000000
-0.108407500000000
-0.126231100000000
-0.136056200000000
-0.105897200000000
-0.117465100000000
-0.0689861400000000
-0.0653684000000000
-0.134302300000000
-0.124588600000000
-0.0945866700000000
-0.0631520500000000
-0.145651400000000
-0.204229200000000
-0.0550513500000000
-0.0234179300000000
-0.0822500700000000
0.0142172300000000
0.0124667300000000
-0.0272390300000000
-0.00856614300000000
0.0328018900000000
0.0438845600000000
0.0258004200000000
0.00232807800000000
0.0148928500000000
0.0161006700000000
-0.0108754900000000
-9.92577400000000e-05
0.00684910700000000
-0.0176325000000000
-0.0119373300000000
-0.0116464500000000
-0.00691642400000000
0.0229293500000000
-0.00118979000000000
-0.0225580600000000
-0.00223499000000000
0.0203594900000000
0.0111009200000000
0.0268327300000000
0.0173987900000000
0.00270436200000000
-0.00673185300000000
0.000777324800000000
0.00599507500000000
0.0134571600000000
0.0359109000000000
0.000782437900000000
-0.0175624300000000
-0.00882153700000000
0.000536689000000000
0.00801819500000000
0.0146641100000000
0.0147901800000000
0.0130285400000000
0.0127873200000000
0.0103309800000000
0.00995762200000000
0.000659051900000000
-0.00195204600000000
-0.000981601300000000
0.00113074600000000